person, group, rep, n, t, t1, t2, correct
2, CMM, 0, 1, -0.602, 0.217, 0.217, 1
2, CMM, 0, 2, -0.602, 0.217, 0.217, 1
2, CMM, 0, 3, -0.602, 0.217, 0.217, 0
2, CMM, 0, 4, -0.602, 0.217, 0.217, 0
2, CMM, 0, 5, -0.602, 0.217, 0.217, 0
2, CMM, 0, 6, -0.602, 0.217, 0.217, 1
2, CMM, 0, 7, -0.602, 0.217, 0.217, 0
2, CMM, 0, 8, -0.602, 0.217, 0.217, 0
2, CMM, 0, 9, -0.602, 0.217, 0.217, 0
2, CMM, 0, 10, -0.602, 0.217, 0.217, 0
2, CMM, 0, 11, -0.602, 0.217, 0.217, 0
2, CMM, 0, 12, -0.602, 0.217, 0.217, 1
2, CMM, 0, 13, -0.602, 0.217, 0.217, 1
2, CMM, 0, 14, -0.602, 0.217, 0.217, 1
2, CMM, 0, 15, -0.602, 0.217, 0.217, 0
2, CMM, 4, 1, -1.778, 0.017, 0.017, 1
2, CMM, 1, 1, -0.380, 0.417, 0.417, 1
2, CMM, 3, 1, -1.176, 0.067, 0.067, 0
2, CMM, 2, 1, -0.736, 0.183, 0.184, 1
2, CMM, 4, 2, -1.777, 0.017, 0.017, 0
2, CMM, 1, 2, -1.000, 0.100, 0.100, 0
2, CMM, 3, 2, -0.014, 0.968, 0.968, 1
2, CMM, 2, 2, -1.477, 0.033, 0.033, 0
2, CMM, 2, 3, -0.331, 0.467, 0.467, 0
2, CMM, 1, 3, -0.014, 0.968, 0.968, 1
2, CMM, 4, 3, -0.573, 0.267, 0.267, 0
2, CMM, 3, 3, -0.286, 0.517, 0.517, 1
2, CMM, 3, 4, -0.523, 0.300, 0.300, 1
2, CMM, 4, 4, -0.014, 0.968, 0.968, 1
2, CMM, 1, 4, -0.301, 0.501, 0.501, 0
2, CMM, 2, 4, -0.014, 0.968, 0.968, 1
2, CMM, 2, 5, -0.014, 0.968, 0.968, 0
2, CMM, 4, 5, -0.029, 0.934, 0.934, 0
2, CMM, 1, 5, -0.014, 0.968, 0.968, 0
2, CMM, 3, 5, -0.736, 0.184, 0.184, 0
2, CMM, 2, 6, -0.014, 0.968, 0.968, 0
2, CMM, 3, 6, -0.315, 0.484, 0.484, 1
2, CMM, 1, 6, -0.014, 0.968, 0.968, 1
2, CMM, 4, 6, -0.014, 0.968, 0.968, 1
2, CMM, 3, 7, -0.456, 0.350, 0.350, 1
2, CMM, 4, 7, -0.014, 0.968, 0.968, 0
2, CMM, 1, 7, -0.014, 0.968, 0.968, 1
2, CMM, 2, 7, -0.014, 0.968, 0.968, 0
2, CMM, 3, 8, -0.547, 0.284, 0.284, 0
2, CMM, 1, 8, -0.014, 0.968, 0.968, 1
2, CMM, 2, 8, -0.014, 0.968, 0.968, 0
2, CMM, 4, 8, -0.018, 0.951, 0.968, 0
2, CMM, 3, 9, -0.315, 0.484, 0.484, 1
2, CMM, 4, 9, -0.014, 0.968, 0.968, 1
2, CMM, 2, 9, -0.014, 0.968, 0.968, 0
2, CMM, 1, 9, -0.018, 0.951, 0.968, 1
2, CMM, 3, 10, -0.397, 0.400, 0.400, 1
2, CMM, 4, 10, -0.014, 0.968, 0.968, 1
2, CMM, 2, 10, -0.014, 0.968, 0.968, 0
2, CMM, 1, 10, -0.014, 0.968, 0.968, 1
2, CMM, 2, 11, -0.014, 0.968, 0.968, 1
2, CMM, 4, 11, -0.014, 0.968, 0.968, 1
2, CMM, 3, 11, -0.455, 0.350, 0.350, 0
2, CMM, 1, 11, -0.014, 0.968, 0.968, 1
2, CMM, 2, 12, -0.014, 0.968, 0.968, 1
2, CMM, 1, 12, -0.053, 0.884, 0.884, 1
2, CMM, 3, 12, -0.301, 0.501, 0.500, 1
2, CMM, 4, 12, -0.014, 0.968, 0.968, 1
2, CMM, 3, 13, -0.363, 0.434, 0.434, 1
2, CMM, 1, 13, -0.115, 0.768, 0.768, 1
2, CMM, 4, 13, -0.014, 0.968, 0.968, 0
2, CMM, 2, 13, -0.014, 0.968, 0.968, 1
2, CMM, 2, 14, -0.014, 0.968, 0.968, 0
2, CMM, 3, 14, -0.397, 0.401, 0.400, 0
2, CMM, 1, 14, -0.176, 0.667, 0.667, 0
2, CMM, 4, 14, -0.014, 0.968, 0.968, 1
2, CMM, 2, 15, -0.014, 0.968, 0.968, 1
2, CMM, 3, 15, -0.286, 0.517, 0.517, 0
2, CMM, 1, 15, -0.014, 0.968, 0.968, 0
2, CMM, 4, 15, -0.014, 0.968, 0.968, 1
2, CMM, 4, 16, -0.014, 0.968, 0.968, 1
2, CMM, 1, 16, -0.014, 0.968, 0.968, 0
2, CMM, 3, 16, -0.022, 0.951, 0.951, 0
2, CMM, 2, 16, -0.014, 0.968, 0.968, 0
2, CMM, 2, 17, -0.014, 0.968, 0.968, 1
2, CMM, 4, 17, -0.014, 0.968, 0.968, 1
2, CMM, 1, 17, -0.014, 0.968, 0.968, 1
2, CMM, 3, 17, -0.014, 0.968, 0.968, 0
2, CMM, 1, 18, -0.014, 0.968, 0.968, 1
2, CMM, 4, 18, -0.014, 0.968, 0.968, 1
2, CMM, 2, 18, -0.014, 0.968, 0.968, 1
2, CMM, 3, 18, -0.014, 0.968, 0.968, 0
2, CMM, 2, 19, -0.014, 0.968, 0.968, 0
2, CMM, 3, 19, -0.014, 0.968, 0.968, 1
2, CMM, 1, 19, -0.014, 0.968, 0.968, 0
2, CMM, 4, 19, -0.014, 0.968, 0.968, 1
2, CMM, 2, 20, -0.014, 0.968, 0.968, 1
2, CMM, 3, 20, -0.014, 0.968, 0.968, 1
2, CMM, 1, 20, -0.018, 0.951, 0.968, 1
2, CMM, 4, 20, -0.014, 0.968, 0.968, 1
2, CMM, 2, 21, -0.014, 0.968, 0.968, 1
2, CMM, 3, 21, -0.014, 0.968, 0.968, 1
2, CMM, 4, 21, -0.014, 0.968, 0.968, 1
2, CMM, 1, 21, -0.014, 0.968, 0.968, 1
2, CMM, 1, 22, -0.014, 0.968, 0.968, 0
2, CMM, 4, 22, -0.014, 0.968, 0.968, 1
2, CMM, 3, 22, -0.014, 0.968, 0.968, 0
2, CMM, 2, 22, -0.014, 0.968, 0.968, 1
2, CMM, 1, 23, -0.018, 0.968, 0.951, 1
2, CMM, 3, 23, -0.014, 0.968, 0.968, 0
2, CMM, 2, 23, -0.014, 0.968, 0.968, 0
2, CMM, 4, 23, -0.014, 0.968, 0.968, 0
2, CMM, 3, 24, -0.014, 0.968, 0.968, 0
2, CMM, 1, 24, -0.014, 0.968, 0.968, 1
2, CMM, 4, 24, -0.014, 0.968, 0.968, 0
2, CMM, 2, 24, -0.014, 0.968, 0.968, 0
2, CMM, 4, 25, -0.014, 0.968, 0.968, 0
2, CMM, 1, 25, -0.014, 0.968, 0.968, 1
2, CMM, 3, 25, -0.014, 0.968, 0.968, 1
2, CMM, 2, 25, -0.014, 0.968, 0.968, 0
2, CMM, 4, 26, -0.014, 0.968, 0.968, 0
2, CMM, 1, 26, -0.014, 0.968, 0.968, 1
2, CMM, 3, 26, -0.014, 0.968, 0.968, 1
2, CMM, 2, 26, -0.014, 0.968, 0.968, 0
2, CMM, 2, 27, -0.018, 0.951, 0.968, 0
2, CMM, 4, 27, -0.014, 0.968, 0.968, 1
2, CMM, 3, 27, -0.014, 0.968, 0.968, 0
2, CMM, 1, 27, -0.014, 0.968, 0.968, 1
2, CMM, 1, 28, -0.022, 0.951, 0.951, 0
2, CMM, 2, 28, -0.014, 0.968, 0.968, 0
2, CMM, 3, 28, -0.018, 0.968, 0.951, 0
2, CMM, 4, 28, -0.014, 0.968, 0.968, 1
2, CMM, 2, 29, -0.014, 0.968, 0.968, 0
2, CMM, 1, 29, -0.014, 0.968, 0.968, 0
2, CMM, 4, 29, -0.014, 0.968, 0.968, 0
2, CMM, 3, 29, -0.014, 0.968, 0.968, 0
2, CMM, 1, 30, -0.018, 0.951, 0.968, 0
2, CMM, 4, 30, -0.014, 0.968, 0.968, 1
2, CMM, 3, 30, -0.014, 0.968, 0.968, 0
2, CMM, 2, 30, -0.014, 0.968, 0.968, 0
