person, group, rep, n, t, t1, t2, correct
3, P6M, 0, 1, -0.301, 0.455, 0.455, 1
3, P6M, 0, 2, -0.301, 0.451, 0.451, 1
3, P6M, 0, 3, -0.301, 0.451, 0.451, 1
3, P6M, 0, 4, -0.301, 0.453, 0.455, 1
3, P6M, 0, 5, -0.301, 0.451, 0.453, 1
3, P6M, 0, 6, -0.301, 0.452, 0.455, 1
3, P6M, 0, 7, -0.301, 0.456, 0.455, 1
3, P6M, 0, 8, -0.301, 0.451, 0.451, 1
3, P6M, 0, 9, -0.301, 0.453, 0.456, 1
3, P6M, 0, 10, -0.301, 0.451, 0.451, 1
3, P6M, 4, 1, -2.086, 0.009, 0.007, 0
3, P6M, 3, 1, -1.190, 0.063, 0.066, 0
3, P6M, 2, 1, -0.744, 0.180, 0.180, 1
3, P6M, 1, 1, -0.393, 0.403, 0.405, 1
3, P6M, 3, 2, -0.020, 0.953, 0.955, 1
3, P6M, 2, 2, -1.720, 0.018, 0.020, 1
3, P6M, 1, 2, -1.049, 0.090, 0.089, 1
3, P6M, 4, 2, -0.606, 0.248, 0.248, 1
3, P6M, 4, 3, -1.077, 0.085, 0.083, 1
3, P6M, 1, 3, -2.070, 0.011, 0.006, 1
3, P6M, 2, 3, -2.070, 0.012, 0.005, 0
3, P6M, 3, 3, -0.304, 0.497, 0.497, 1
3, P6M, 3, 4, -0.551, 0.282, 0.280, 1
3, P6M, 1, 4, -2.071, 0.011, 0.006, 0
3, P6M, 2, 4, -1.086, 0.082, 0.082, 1
3, P6M, 4, 4, -1.736, 0.017, 0.020, 1
3, P6M, 2, 5, -2.112, 0.008, 0.008, 0
3, P6M, 3, 5, -0.762, 0.173, 0.172, 1
3, P6M, 4, 5, -2.079, 0.011, 0.006, 1
3, P6M, 1, 5, -1.238, 0.060, 0.056, 1
3, P6M, 2, 6, -1.519, 0.028, 0.033, 0
3, P6M, 1, 6, -2.115, 0.010, 0.006, 1
3, P6M, 3, 6, -0.970, 0.108, 0.106, 1
3, P6M, 4, 6, -2.071, 0.011, 0.006, 1
3, P6M, 1, 7, -2.079, 0.011, 0.005, 1
3, P6M, 4, 7, -2.283, 0.003, 0.007, 1
3, P6M, 3, 7, -1.175, 0.068, 0.066, 1
3, P6M, 2, 7, -0.723, 0.188, 0.191, 1
3, P6M, 4, 8, -2.169, 0.008, 0.005, 1
3, P6M, 1, 8, -2.085, 0.011, 0.005, 0
3, P6M, 3, 8, -1.425, 0.036, 0.039, 1
3, P6M, 2, 8, -1.135, 0.074, 0.072, 1
3, P6M, 3, 9, -2.028, 0.013, 0.005, 0
3, P6M, 1, 9, -2.198, 0.006, 0.006, 0
3, P6M, 2, 9, -1.475, 0.035, 0.032, 1
3, P6M, 4, 9, -2.076, 0.011, 0.005, 1
3, P6M, 2, 10, -1.680, 0.020, 0.022, 1
3, P6M, 3, 10, -1.306, 0.051, 0.048, 0
3, P6M, 4, 10, -2.185, 0.008, 0.005, 1
3, P6M, 1, 10, -1.843, 0.015, 0.014, 1
3, P6M, 1, 11, -2.077, 0.011, 0.005, 0
3, P6M, 3, 11, -1.025, 0.094, 0.095, 0
3, P6M, 4, 11, -2.112, 0.010, 0.006, 1
3, P6M, 2, 11, -1.940, 0.009, 0.014, 1
3, P6M, 3, 12, -0.755, 0.174, 0.178, 1
3, P6M, 4, 12, -2.029, 0.013, 0.006, 0
3, P6M, 1, 12, -2.206, 0.006, 0.006, 0
3, P6M, 2, 12, -2.257, 0.006, 0.005, 0
3, P6M, 2, 13, -2.071, 0.006, 0.011, 0
3, P6M, 4, 13, -2.107, 0.010, 0.006, 1
3, P6M, 3, 13, -0.888, 0.129, 0.130, 1
3, P6M, 1, 13, -1.898, 0.011, 0.014, 1
3, P6M, 1, 14, -2.126, 0.010, 0.005, 1
3, P6M, 4, 14, -2.109, 0.010, 0.006, 1
3, P6M, 3, 14, -0.988, 0.103, 0.103, 1
3, P6M, 2, 14, -1.994, 0.011, 0.009, 0
3, P6M, 2, 15, -1.927, 0.012, 0.012, 1
3, P6M, 1, 15, -2.198, 0.007, 0.006, 1
3, P6M, 3, 15, -1.057, 0.086, 0.089, 1
3, P6M, 4, 15, -2.073, 0.011, 0.006, 0
3, P6M, 2, 16, -1.990, 0.009, 0.011, 0
3, P6M, 4, 16, -2.200, 0.007, 0.006, 0
3, P6M, 1, 16, -2.111, 0.010, 0.006, 0
3, P6M, 3, 16, -1.123, 0.076, 0.074, 1
3, P6M, 4, 17, -2.258, 0.005, 0.006, 1
3, P6M, 3, 17, -1.171, 0.065, 0.070, 1
3, P6M, 2, 17, -1.857, 0.012, 0.016, 0
3, P6M, 1, 17, -2.108, 0.010, 0.006, 0
3, P6M, 2, 18, -1.735, 0.020, 0.017, 1
3, P6M, 1, 18, -2.193, 0.007, 0.005, 0
3, P6M, 4, 18, -2.067, 0.011, 0.006, 0
3, P6M, 3, 18, -1.233, 0.060, 0.057, 1
3, P6M, 1, 19, -2.274, 0.005, 0.005, 0
3, P6M, 2, 19, -1.868, 0.013, 0.014, 1
3, P6M, 3, 19, -1.289, 0.050, 0.053, 1
3, P6M, 4, 19, -2.265, 0.005, 0.005, 1
3, P6M, 4, 20, -2.133, 0.009, 0.005, 1
3, P6M, 2, 20, -2.062, 0.009, 0.008, 1
3, P6M, 3, 20, -1.359, 0.043, 0.045, 1
3, P6M, 1, 20, -2.156, 0.009, 0.005, 0
3, P6M, 3, 21, -1.450, 0.035, 0.036, 1
3, P6M, 1, 21, -2.045, 0.010, 0.008, 0
3, P6M, 4, 21, -2.181, 0.008, 0.005, 1
3, P6M, 2, 21, -2.116, 0.009, 0.007, 1
3, P6M, 3, 22, -1.569, 0.026, 0.028, 1
3, P6M, 1, 22, -1.766, 0.015, 0.020, 0
3, P6M, 2, 22, -2.102, 0.010, 0.006, 0
3, P6M, 4, 22, -2.113, 0.010, 0.006, 1
3, P6M, 3, 23, -1.845, 0.013, 0.016, 1
3, P6M, 1, 23, -1.256, 0.055, 0.056, 0
3, P6M, 2, 23, -2.095, 0.009, 0.007, 0
3, P6M, 4, 23, -2.078, 0.011, 0.005, 0
3, P6M, 1, 24, -0.361, 0.435, 0.435, 1
3, P6M, 3, 24, -2.111, 0.010, 0.005, 1
3, P6M, 2, 24, -1.942, 0.011, 0.011, 1
3, P6M, 4, 24, -2.073, 0.011, 0.006, 1
3, P6M, 3, 25, -2.195, 0.007, 0.006, 1
3, P6M, 2, 25, -2.103, 0.010, 0.006, 1
3, P6M, 4, 25, -2.074, 0.011, 0.006, 0
3, P6M, 1, 25, -0.704, 0.196, 0.199, 1
3, P6M, 1, 26, -0.973, 0.107, 0.105, 1
3, P6M, 2, 26, -2.222, 0.007, 0.005, 0
3, P6M, 4, 26, -2.126, 0.010, 0.005, 1
3, P6M, 3, 26, -2.080, 0.012, 0.005, 1
3, P6M, 2, 27, -2.131, 0.009, 0.005, 0
3, P6M, 3, 27, -2.073, 0.011, 0.005, 1
3, P6M, 1, 27, -1.214, 0.063, 0.059, 1
3, P6M, 4, 27, -2.032, 0.013, 0.005, 1
3, P6M, 1, 28, -1.390, 0.043, 0.039, 1
3, P6M, 2, 28, -2.198, 0.007, 0.006, 1
3, P6M, 4, 28, -2.213, 0.007, 0.005, 0
3, P6M, 3, 28, -2.135, 0.009, 0.006, 0
3, P6M, 4, 29, -2.137, 0.009, 0.005, 0
3, P6M, 3, 29, -2.246, 0.006, 0.005, 0
3, P6M, 1, 29, -1.517, 0.031, 0.030, 1
3, P6M, 2, 29, -2.067, 0.011, 0.006, 1
3, P6M, 2, 30, -2.096, 0.010, 0.006, 1
3, P6M, 1, 30, -1.778, 0.017, 0.017, 1
3, P6M, 4, 30, -2.070, 0.011, 0.006, 0
3, P6M, 3, 30, -2.152, 0.009, 0.005, 0
3, P6M, 4, 31, -2.081, 0.011, 0.005, 1
3, P6M, 1, 31, -1.817, 0.017, 0.014, 0
3, P6M, 3, 31, -2.282, 0.005, 0.005, 0
3, P6M, 2, 31, -2.074, 0.011, 0.005, 0
3, P6M, 3, 32, -2.203, 0.006, 0.006, 0
3, P6M, 2, 32, -2.065, 0.012, 0.006, 0
3, P6M, 4, 32, -2.073, 0.011, 0.006, 1
3, P6M, 1, 32, -1.702, 0.018, 0.022, 0
3, P6M, 2, 33, -2.115, 0.009, 0.006, 1
3, P6M, 3, 33, -1.927, 0.010, 0.014, 0
3, P6M, 4, 33, -2.075, 0.011, 0.005, 0
3, P6M, 1, 33, -1.577, 0.025, 0.028, 1
3, P6M, 1, 34, -1.649, 0.023, 0.022, 1
3, P6M, 2, 34, -2.220, 0.007, 0.005, 1
3, P6M, 3, 34, -1.701, 0.020, 0.020, 1
3, P6M, 4, 34, -2.115, 0.010, 0.005, 0
3, P6M, 3, 35, -2.052, 0.010, 0.008, 1
3, P6M, 4, 35, -2.082, 0.011, 0.005, 1
3, P6M, 1, 35, -1.925, 0.012, 0.012, 0
3, P6M, 2, 35, -2.123, 0.009, 0.006, 0
3, P6M, 2, 36, -2.191, 0.008, 0.005, 0
3, P6M, 3, 36, -2.263, 0.005, 0.006, 0
3, P6M, 1, 36, -1.859, 0.014, 0.014, 1
3, P6M, 4, 36, -2.265, 0.006, 0.005, 1
3, P6M, 2, 37, -2.067, 0.011, 0.006, 1
3, P6M, 4, 37, -2.172, 0.008, 0.006, 0
3, P6M, 1, 37, -1.825, 0.016, 0.014, 1
3, P6M, 3, 37, -2.072, 0.011, 0.006, 1
3, P6M, 1, 38, -2.001, 0.011, 0.008, 0
3, P6M, 4, 38, -2.250, 0.006, 0.006, 0
3, P6M, 3, 38, -2.262, 0.005, 0.005, 1
3, P6M, 2, 38, -2.215, 0.007, 0.006, 0
3, P6M, 1, 39, -1.986, 0.009, 0.011, 1
3, P6M, 3, 39, -2.111, 0.010, 0.006, 1
3, P6M, 2, 39, -2.153, 0.009, 0.005, 0
3, P6M, 4, 39, -2.164, 0.008, 0.005, 0
3, P6M, 3, 40, -2.109, 0.010, 0.006, 1
3, P6M, 2, 40, -2.061, 0.006, 0.011, 0
3, P6M, 1, 40, -2.050, 0.010, 0.008, 0
3, P6M, 4, 40, -2.263, 0.005, 0.006, 0
