person, group, rep, n, t, t1, t2, correct
13, P2, 0, 1, -0.301, 0.458, 0.458, 1
13, P2, 0, 2, -0.301, 0.458, 0.458, 1
13, P2, 0, 3, -0.301, 0.458, 0.458, 1
13, P2, 0, 4, -0.301, 0.458, 0.458, 1
13, P2, 0, 5, -0.301, 0.458, 0.458, 1
13, P2, 0, 6, -0.301, 0.458, 0.458, 1
13, P2, 0, 7, -0.301, 0.458, 0.458, 1
13, P2, 0, 8, -0.301, 0.458, 0.458, 1
13, P2, 0, 9, -0.301, 0.458, 0.458, 1
13, P2, 0, 10, -0.301, 0.458, 0.458, 1
13, P2, 2, 1, -0.737, 0.183, 0.183, 1
13, P2, 1, 1, -0.389, 0.408, 0.408, 1
13, P2, 4, 1, -2.083, 0.008, 0.008, 0
13, P2, 3, 1, -1.176, 0.067, 0.067, 0
13, P2, 1, 2, -1.038, 0.092, 0.092, 0
13, P2, 2, 2, -1.603, 0.025, 0.025, 1
13, P2, 4, 2, -0.602, 0.250, 0.250, 1
13, P2, 3, 2, -0.019, 0.958, 0.958, 1
13, P2, 4, 3, -1.079, 0.083, 0.083, 1
13, P2, 3, 3, -0.290, 0.517, 0.508, 1
13, P2, 1, 3, -0.018, 0.958, 0.958, 1
13, P2, 2, 3, -2.080, 0.008, 0.008, 1
13, P2, 4, 4, -1.603, 0.025, 0.025, 1
13, P2, 2, 4, -2.083, 0.008, 0.008, 0
13, P2, 3, 4, -0.535, 0.292, 0.292, 1
13, P2, 1, 4, -0.331, 0.467, 0.467, 1
13, P2, 1, 5, -0.548, 0.283, 0.283, 1
13, P2, 3, 5, -0.737, 0.183, 0.183, 0
13, P2, 4, 5, -2.081, 0.008, 0.008, 0
13, P2, 2, 5, -1.381, 0.042, 0.042, 0
13, P2, 1, 6, -0.717, 0.192, 0.192, 1
13, P2, 4, 6, -2.081, 0.008, 0.008, 1
13, P2, 3, 6, -0.323, 0.475, 0.475, 1
13, P2, 2, 6, -0.260, 0.550, 0.550, 1
13, P2, 4, 7, -2.083, 0.008, 0.008, 1
13, P2, 3, 7, -0.456, 0.350, 0.350, 1
13, P2, 1, 7, -0.862, 0.142, 0.133, 1
13, P2, 2, 7, -0.681, 0.208, 0.208, 1
13, P2, 2, 8, -0.965, 0.108, 0.108, 1
13, P2, 3, 8, -0.548, 0.283, 0.283, 1
13, P2, 4, 8, -2.080, 0.008, 0.008, 1
13, P2, 1, 8, -1.000, 0.100, 0.100, 0
13, P2, 2, 9, -1.176, 0.067, 0.067, 0
13, P2, 4, 9, -2.081, 0.008, 0.008, 0
13, P2, 1, 9, -0.757, 0.175, 0.175, 1
13, P2, 3, 9, -0.632, 0.233, 0.233, 0
13, P2, 1, 10, -0.849, 0.142, 0.142, 1
13, P2, 4, 10, -2.081, 0.008, 0.008, 1
13, P2, 2, 10, -0.849, 0.142, 0.142, 1
13, P2, 3, 10, -0.466, 0.342, 0.342, 0
13, P2, 2, 11, -1.000, 0.100, 0.100, 0
13, P2, 4, 11, -2.079, 0.008, 0.008, 1
13, P2, 3, 11, -0.222, 0.600, 0.600, 1
13, P2, 1, 11, -0.933, 0.117, 0.117, 1
13, P2, 3, 12, -0.323, 0.475, 0.475, 1
13, P2, 1, 12, -1.000, 0.100, 0.100, 1
13, P2, 2, 12, -0.737, 0.183, 0.183, 1
13, P2, 4, 12, -2.082, 0.008, 0.008, 1
13, P2, 2, 13, -0.903, 0.125, 0.125, 1
13, P2, 4, 13, -2.080, 0.008, 0.008, 0
13, P2, 3, 13, -0.389, 0.408, 0.408, 0
13, P2, 1, 13, -1.038, 0.092, 0.092, 0
13, P2, 1, 14, -0.933, 0.117, 0.117, 1
13, P2, 2, 14, -0.965, 0.108, 0.108, 1
13, P2, 3, 14, -0.225, 0.600, 0.592, 1
13, P2, 4, 14, -2.082, 0.008, 0.008, 0
13, P2, 2, 15, -1.038, 0.092, 0.092, 0
13, P2, 3, 15, -0.294, 0.508, 0.508, 1
13, P2, 1, 15, -1.000, 0.100, 0.100, 0
13, P2, 4, 15, -2.085, 0.008, 0.008, 1
13, P2, 3, 16, -0.339, 0.458, 0.458, 1
13, P2, 2, 16, -0.933, 0.117, 0.117, 0
13, P2, 1, 16, -0.903, 0.125, 0.125, 1
13, P2, 4, 16, -2.081, 0.008, 0.008, 0
13, P2, 2, 17, -0.801, 0.158, 0.158, 0
13, P2, 4, 17, -2.078, 0.008, 0.008, 1
13, P2, 3, 17, -0.372, 0.425, 0.425, 1
13, P2, 1, 17, -0.965, 0.108, 0.108, 1
13, P2, 2, 18, -0.417, 0.383, 0.383, 0
13, P2, 3, 18, -0.398, 0.400, 0.400, 1
13, P2, 4, 18, -2.085, 0.008, 0.008, 0
13, P2, 1, 18, -1.000, 0.100, 0.100, 1
13, P2, 3, 19, -0.416, 0.383, 0.383, 1
13, P2, 2, 19, -0.019, 0.958, 0.958, 1
13, P2, 1, 19, -1.038, 0.092, 0.092, 1
13, P2, 4, 19, -2.080, 0.008, 0.008, 0
13, P2, 2, 20, -0.019, 0.958, 0.958, 1
13, P2, 1, 20, -1.037, 0.092, 0.092, 1
13, P2, 4, 20, -2.080, 0.008, 0.008, 1
13, P2, 3, 20, -0.436, 0.367, 0.367, 1
13, P2, 2, 21, -0.120, 0.758, 0.758, 1
13, P2, 4, 21, -2.080, 0.008, 0.008, 0
13, P2, 3, 21, -0.451, 0.350, 0.358, 1
13, P2, 1, 21, -1.079, 0.083, 0.083, 0
13, P2, 1, 22, -1.038, 0.092, 0.092, 0
13, P2, 2, 22, -0.240, 0.575, 0.575, 0
13, P2, 4, 22, -1.778, 0.017, 0.017, 1
13, P2, 3, 22, -0.466, 0.342, 0.342, 1
13, P2, 3, 23, -0.488, 0.325, 0.325, 1
13, P2, 1, 23, -1.000, 0.100, 0.100, 0
13, P2, 4, 23, -2.081, 0.008, 0.008, 0
13, P2, 2, 23, -0.018, 0.958, 0.958, 1
13, P2, 2, 24, -0.054, 0.883, 0.883, 0
13, P2, 1, 24, -0.965, 0.108, 0.108, 1
13, P2, 3, 24, -0.499, 0.317, 0.317, 0
13, P2, 4, 24, -2.082, 0.008, 0.008, 0
13, P2, 4, 25, -2.082, 0.008, 0.008, 0
13, P2, 1, 25, -1.000, 0.100, 0.100, 1
13, P2, 3, 25, -0.456, 0.350, 0.350, 1
13, P2, 2, 25, -0.019, 0.958, 0.958, 1
13, P2, 3, 26, -0.466, 0.342, 0.342, 1
13, P2, 1, 26, -1.000, 0.100, 0.100, 1
13, P2, 2, 26, -0.018, 0.958, 0.958, 1
13, P2, 4, 26, -2.085, 0.008, 0.008, 1
13, P2, 4, 27, -2.083, 0.008, 0.008, 0
13, P2, 1, 27, -1.038, 0.092, 0.092, 0
13, P2, 3, 27, -0.477, 0.333, 0.333, 1
13, P2, 2, 27, -0.018, 0.958, 0.958, 0
13, P2, 4, 28, -2.083, 0.008, 0.008, 1
13, P2, 1, 28, -1.000, 0.100, 0.100, 0
13, P2, 2, 28, -0.018, 0.958, 0.958, 1
13, P2, 3, 28, -0.488, 0.325, 0.325, 0
13, P2, 1, 29, -0.965, 0.108, 0.108, 0
13, P2, 4, 29, -2.084, 0.008, 0.008, 1
13, P2, 3, 29, -0.456, 0.350, 0.350, 0
13, P2, 2, 29, -0.018, 0.958, 0.958, 1
13, P2, 2, 30, -0.019, 0.958, 0.958, 0
13, P2, 3, 30, -0.426, 0.375, 0.375, 1
13, P2, 1, 30, -0.903, 0.125, 0.125, 0
13, P2, 4, 30, -2.079, 0.008, 0.008, 1
13, P2, 2, 31, -0.019, 0.958, 0.958, 1
13, P2, 3, 31, -0.436, 0.367, 0.367, 1
13, P2, 1, 31, -0.849, 0.142, 0.142, 0
13, P2, 4, 31, -2.079, 0.008, 0.008, 0
13, P2, 1, 32, -0.737, 0.183, 0.183, 1
13, P2, 4, 32, -2.080, 0.008, 0.008, 0
13, P2, 2, 32, -0.018, 0.958, 0.958, 0
13, P2, 3, 32, -0.446, 0.358, 0.358, 1
13, P2, 2, 33, -0.018, 0.958, 0.958, 1
13, P2, 1, 33, -0.800, 0.158, 0.158, 1
13, P2, 3, 33, -0.456, 0.350, 0.350, 1
13, P2, 4, 33, -2.080, 0.008, 0.008, 0
13, P2, 2, 34, -0.018, 0.958, 0.958, 0
13, P2, 3, 34, -0.466, 0.342, 0.342, 1
13, P2, 4, 34, -2.082, 0.008, 0.008, 1
13, P2, 1, 34, -0.849, 0.142, 0.142, 1
13, P2, 2, 35, -0.018, 0.958, 0.958, 1
13, P2, 3, 35, -0.472, 0.342, 0.333, 0
13, P2, 1, 35, -0.875, 0.133, 0.133, 0
13, P2, 4, 35, -2.084, 0.008, 0.008, 0
13, P2, 3, 36, -0.446, 0.358, 0.358, 1
13, P2, 1, 36, -0.824, 0.150, 0.150, 0
13, P2, 2, 36, -0.019, 0.958, 0.958, 1
13, P2, 4, 36, -2.080, 0.008, 0.008, 0
13, P2, 3, 37, -0.456, 0.350, 0.350, 1
13, P2, 4, 37, -1.780, 0.017, 0.017, 1
13, P2, 1, 37, -0.737, 0.183, 0.183, 1
13, P2, 2, 37, -0.018, 0.958, 0.958, 1
13, P2, 3, 38, -0.466, 0.342, 0.342, 1
13, P2, 4, 38, -2.084, 0.008, 0.008, 0
13, P2, 1, 38, -0.778, 0.167, 0.167, 1
13, P2, 2, 38, -0.018, 0.958, 0.958, 1
13, P2, 3, 39, -0.466, 0.342, 0.342, 1
13, P2, 2, 39, -0.018, 0.958, 0.958, 1
13, P2, 4, 39, -2.081, 0.008, 0.008, 1
13, P2, 1, 39, -0.824, 0.150, 0.150, 1
13, P2, 1, 40, -0.849, 0.142, 0.142, 1
13, P2, 3, 40, -0.477, 0.333, 0.333, 0
13, P2, 4, 40, -2.079, 0.008, 0.008, 1
13, P2, 2, 40, -0.019, 0.958, 0.958, 1
