person, group, rep, n, t, t1, t2, correct
13, P3M1, 0, 1, -0.301, 0.458, 0.458, 1
13, P3M1, 0, 2, -0.301, 0.458, 0.458, 1
13, P3M1, 0, 3, -0.301, 0.458, 0.458, 0
13, P3M1, 0, 4, -0.301, 0.458, 0.458, 1
13, P3M1, 0, 5, -0.301, 0.458, 0.458, 1
13, P3M1, 0, 6, -0.301, 0.458, 0.458, 1
13, P3M1, 0, 7, -0.301, 0.458, 0.458, 1
13, P3M1, 0, 8, -0.301, 0.458, 0.458, 1
13, P3M1, 0, 9, -0.301, 0.458, 0.458, 1
13, P3M1, 0, 10, -0.301, 0.458, 0.458, 0
13, P3M1, 0, 1, -0.301, 0.458, 0.458, 1
13, P3M1, 0, 2, -0.301, 0.458, 0.458, 0
13, P3M1, 0, 3, -0.301, 0.458, 0.458, 1
13, P3M1, 0, 4, -0.301, 0.458, 0.458, 1
13, P3M1, 0, 5, -0.301, 0.458, 0.458, 0
13, P3M1, 0, 6, -0.301, 0.458, 0.458, 1
13, P3M1, 0, 7, -0.301, 0.458, 0.458, 0
13, P3M1, 0, 8, -0.301, 0.458, 0.458, 0
13, P3M1, 0, 9, -0.301, 0.458, 0.458, 1
13, P3M1, 0, 10, -0.301, 0.458, 0.458, 1
13, P3M1, 0, 1, -0.301, 0.458, 0.458, 0
13, P3M1, 0, 2, -0.301, 0.458, 0.458, 1
13, P3M1, 0, 3, -0.301, 0.458, 0.458, 0
13, P3M1, 0, 4, -0.301, 0.458, 0.458, 1
13, P3M1, 0, 5, -0.301, 0.458, 0.458, 0
13, P3M1, 0, 6, -0.301, 0.458, 0.458, 0
13, P3M1, 0, 7, -0.301, 0.458, 0.458, 0
13, P3M1, 0, 8, -0.301, 0.458, 0.458, 1
13, P3M1, 0, 9, -0.301, 0.458, 0.458, 0
13, P3M1, 0, 10, -0.301, 0.458, 0.458, 0
13, P3M1, 0, 1, -0.301, 0.458, 0.458, 1
13, P3M1, 0, 2, -0.301, 0.458, 0.458, 1
13, P3M1, 0, 3, -0.301, 0.458, 0.458, 1
13, P3M1, 0, 4, -0.301, 0.458, 0.458, 0
13, P3M1, 0, 5, -0.301, 0.458, 0.458, 1
13, P3M1, 0, 6, -0.301, 0.458, 0.458, 0
13, P3M1, 0, 7, -0.301, 0.458, 0.458, 0
13, P3M1, 0, 8, -0.301, 0.458, 0.458, 0
13, P3M1, 0, 9, -0.301, 0.458, 0.458, 0
13, P3M1, 0, 10, -0.301, 0.458, 0.458, 1
13, P3M1, 0, 1, -0.301, 0.458, 0.458, 1
13, P3M1, 0, 2, -0.301, 0.458, 0.458, 1
13, P3M1, 0, 3, -0.301, 0.458, 0.458, 1
13, P3M1, 0, 4, -0.301, 0.458, 0.458, 0
13, P3M1, 0, 5, -0.301, 0.458, 0.458, 1
13, P3M1, 0, 6, -0.301, 0.458, 0.458, 1
13, P3M1, 0, 7, -0.301, 0.458, 0.458, 1
13, P3M1, 0, 8, -0.301, 0.458, 0.458, 1
13, P3M1, 0, 9, -0.301, 0.458, 0.458, 1
13, P3M1, 0, 10, -0.301, 0.458, 0.458, 1
13, P3M1, 2, 1, -0.737, 0.183, 0.183, 1
13, P3M1, 4, 1, -2.080, 0.008, 0.008, 0
13, P3M1, 3, 1, -1.176, 0.067, 0.067, 0
13, P3M1, 1, 1, -0.389, 0.408, 0.408, 1
13, P3M1, 1, 2, -1.038, 0.092, 0.092, 0
13, P3M1, 4, 2, -0.602, 0.250, 0.250, 0
13, P3M1, 2, 2, -1.603, 0.025, 0.025, 1
13, P3M1, 3, 2, -0.018, 0.958, 0.958, 1
13, P3M1, 1, 3, -0.018, 0.958, 0.958, 1
13, P3M1, 4, 3, -0.018, 0.958, 0.958, 1
13, P3M1, 2, 3, -2.081, 0.008, 0.008, 0
13, P3M1, 3, 3, -0.290, 0.508, 0.517, 1
13, P3M1, 1, 4, -0.331, 0.467, 0.467, 0
13, P3M1, 3, 4, -0.535, 0.292, 0.292, 0
13, P3M1, 4, 4, -0.046, 0.900, 0.900, 1
13, P3M1, 2, 4, -1.125, 0.075, 0.075, 0
13, P3M1, 4, 5, -0.193, 0.642, 0.642, 1
13, P3M1, 1, 5, -0.018, 0.958, 0.958, 0
13, P3M1, 2, 5, -0.018, 0.958, 0.958, 1
13, P3M1, 3, 5, -0.026, 0.942, 0.942, 1
13, P3M1, 3, 6, -0.187, 0.650, 0.650, 0
13, P3M1, 1, 6, -0.018, 0.958, 0.958, 0
13, P3M1, 2, 6, -0.380, 0.417, 0.417, 1
13, P3M1, 4, 6, -0.308, 0.492, 0.492, 1
13, P3M1, 3, 7, -0.018, 0.958, 0.958, 1
13, P3M1, 2, 7, -0.664, 0.217, 0.217, 1
13, P3M1, 4, 7, -0.407, 0.392, 0.392, 0
13, P3M1, 1, 7, -0.018, 0.958, 0.958, 1
13, P3M1, 4, 8, -0.171, 0.675, 0.675, 1
13, P3M1, 1, 8, -0.018, 0.958, 0.958, 1
13, P3M1, 2, 8, -0.875, 0.133, 0.133, 0
13, P3M1, 3, 8, -0.018, 0.958, 0.958, 1
13, P3M1, 1, 9, -0.018, 0.958, 0.958, 1
13, P3M1, 4, 9, -0.240, 0.575, 0.575, 0
13, P3M1, 2, 9, -0.488, 0.325, 0.325, 1
13, P3M1, 3, 9, -0.046, 0.900, 0.900, 1
13, P3M1, 2, 10, -0.648, 0.225, 0.225, 0
13, P3M1, 1, 10, -0.018, 0.958, 0.958, 1
13, P3M1, 3, 10, -0.106, 0.783, 0.783, 1
13, P3M1, 4, 10, -0.046, 0.900, 0.900, 1
13, P3M1, 2, 11, -0.280, 0.525, 0.525, 0
13, P3M1, 1, 11, -0.018, 0.958, 0.958, 1
13, P3M1, 4, 11, -0.120, 0.758, 0.758, 1
13, P3M1, 3, 11, -0.155, 0.700, 0.700, 0
13, P3M1, 3, 12, -0.018, 0.958, 0.958, 1
13, P3M1, 2, 12, -0.018, 0.958, 0.958, 1
13, P3M1, 1, 12, -0.018, 0.958, 0.958, 1
13, P3M1, 4, 12, -0.165, 0.683, 0.683, 1
13, P3M1, 3, 13, -0.062, 0.867, 0.867, 0
13, P3M1, 1, 13, -0.018, 0.958, 0.958, 1
13, P3M1, 2, 13, -0.018, 0.958, 0.958, 1
13, P3M1, 4, 13, -0.198, 0.633, 0.633, 1
13, P3M1, 3, 14, -0.018, 0.958, 0.958, 1
13, P3M1, 4, 14, -0.228, 0.592, 0.592, 1
13, P3M1, 1, 14, -0.019, 0.958, 0.958, 1
13, P3M1, 2, 14, -0.058, 0.875, 0.875, 1
13, P3M1, 1, 15, -0.018, 0.958, 0.958, 1
13, P3M1, 2, 15, -0.155, 0.700, 0.700, 1
13, P3M1, 4, 15, -0.247, 0.567, 0.567, 1
13, P3M1, 3, 15, -0.018, 0.958, 0.958, 1
13, P3M1, 3, 16, -0.018, 0.958, 0.958, 1
13, P3M1, 2, 16, -0.222, 0.600, 0.600, 1
13, P3M1, 4, 16, -0.273, 0.533, 0.533, 1
13, P3M1, 1, 16, -0.018, 0.958, 0.958, 0
13, P3M1, 2, 17, -0.280, 0.525, 0.525, 1
13, P3M1, 1, 17, -0.018, 0.958, 0.958, 1
13, P3M1, 3, 17, -0.046, 0.900, 0.900, 1
13, P3M1, 4, 17, -0.294, 0.508, 0.508, 1
13, P3M1, 1, 18, -0.018, 0.958, 0.958, 1
13, P3M1, 3, 18, -0.066, 0.858, 0.858, 1
13, P3M1, 4, 18, -0.308, 0.492, 0.492, 1
13, P3M1, 2, 18, -0.339, 0.458, 0.458, 1
13, P3M1, 3, 19, -0.084, 0.825, 0.825, 1
13, P3M1, 2, 19, -0.398, 0.400, 0.400, 1
13, P3M1, 1, 19, -0.018, 0.958, 0.958, 1
13, P3M1, 4, 19, -0.331, 0.467, 0.467, 1
13, P3M1, 1, 20, -0.018, 0.958, 0.958, 1
13, P3M1, 4, 20, -0.355, 0.442, 0.442, 1
13, P3M1, 2, 20, -0.466, 0.342, 0.342, 1
13, P3M1, 3, 20, -0.097, 0.800, 0.800, 1
13, P3M1, 3, 21, -0.111, 0.775, 0.775, 1
13, P3M1, 1, 21, -0.030, 0.933, 0.933, 1
13, P3M1, 4, 21, -0.372, 0.425, 0.425, 1
13, P3M1, 2, 21, -0.535, 0.292, 0.292, 1
13, P3M1, 4, 22, -0.398, 0.400, 0.400, 1
13, P3M1, 2, 22, -0.602, 0.250, 0.250, 1
13, P3M1, 3, 22, -0.125, 0.750, 0.750, 1
13, P3M1, 1, 22, -0.050, 0.892, 0.892, 1
13, P3M1, 4, 23, -0.426, 0.375, 0.375, 1
13, P3M1, 1, 23, -0.071, 0.850, 0.850, 1
13, P3M1, 2, 23, -0.648, 0.225, 0.225, 1
13, P3M1, 3, 23, -0.135, 0.733, 0.733, 1
13, P3M1, 1, 24, -0.092, 0.808, 0.808, 1
13, P3M1, 4, 24, -0.466, 0.342, 0.342, 1
13, P3M1, 2, 24, -0.681, 0.208, 0.208, 1
13, P3M1, 3, 24, -0.145, 0.717, 0.717, 1
13, P3M1, 4, 25, -0.499, 0.317, 0.317, 1
13, P3M1, 2, 25, -0.737, 0.183, 0.183, 1
13, P3M1, 3, 25, -0.160, 0.692, 0.692, 1
13, P3M1, 1, 25, -0.115, 0.767, 0.767, 1
13, P3M1, 3, 26, -0.171, 0.675, 0.675, 1
13, P3M1, 2, 26, -0.757, 0.175, 0.175, 1
13, P3M1, 4, 26, -0.548, 0.283, 0.283, 1
13, P3M1, 1, 26, -0.140, 0.725, 0.725, 1
13, P3M1, 3, 27, -0.182, 0.658, 0.658, 1
13, P3M1, 2, 27, -0.800, 0.158, 0.158, 1
13, P3M1, 1, 27, -0.176, 0.667, 0.667, 1
13, P3M1, 4, 27, -0.617, 0.242, 0.242, 1
13, P3M1, 4, 28, -0.737, 0.183, 0.183, 1
13, P3M1, 1, 28, -0.228, 0.592, 0.592, 1
13, P3M1, 3, 28, -0.198, 0.633, 0.633, 1
13, P3M1, 2, 28, -0.849, 0.142, 0.142, 1
13, P3M1, 2, 29, -0.903, 0.125, 0.125, 1
13, P3M1, 1, 29, -0.287, 0.517, 0.517, 1
13, P3M1, 3, 29, -0.216, 0.608, 0.608, 1
13, P3M1, 4, 29, -1.079, 0.083, 0.083, 1
13, P3M1, 1, 30, -0.355, 0.442, 0.442, 1
13, P3M1, 2, 30, -0.965, 0.108, 0.108, 1
13, P3M1, 3, 30, -0.234, 0.583, 0.583, 1
13, P3M1, 4, 30, -1.682, 0.017, 0.025, 1
13, P3M1, 4, 31, -2.082, 0.008, 0.008, 0
13, P3M1, 1, 31, -0.426, 0.375, 0.375, 1
13, P3M1, 3, 31, -0.260, 0.550, 0.550, 1
13, P3M1, 2, 31, -1.000, 0.100, 0.100, 1
13, P3M1, 1, 32, -0.535, 0.292, 0.292, 1
13, P3M1, 4, 32, -1.780, 0.017, 0.017, 1
13, P3M1, 3, 32, -0.287, 0.517, 0.517, 1
13, P3M1, 2, 32, -1.080, 0.083, 0.083, 1
13, P3M1, 2, 33, -1.176, 0.067, 0.067, 1
13, P3M1, 4, 33, -2.080, 0.008, 0.008, 0
13, P3M1, 3, 33, -0.323, 0.475, 0.475, 1
13, P3M1, 1, 33, -0.681, 0.208, 0.208, 1
13, P3M1, 3, 34, -0.380, 0.417, 0.417, 1
13, P3M1, 1, 34, -0.824, 0.150, 0.150, 1
13, P3M1, 2, 34, -1.380, 0.042, 0.042, 0
13, P3M1, 4, 34, -2.078, 0.008, 0.008, 0
13, P3M1, 1, 35, -0.966, 0.108, 0.108, 1
13, P3M1, 3, 35, -0.436, 0.367, 0.367, 1
13, P3M1, 2, 35, -1.125, 0.075, 0.075, 1
13, P3M1, 4, 35, -2.082, 0.008, 0.008, 0
13, P3M1, 2, 36, -1.176, 0.067, 0.067, 1
13, P3M1, 4, 36, -1.779, 0.017, 0.017, 1
13, P3M1, 1, 36, -1.125, 0.075, 0.075, 1
13, P3M1, 3, 36, -0.488, 0.325, 0.325, 1
13, P3M1, 3, 37, -0.548, 0.283, 0.283, 1
13, P3M1, 2, 37, -1.301, 0.050, 0.050, 1
13, P3M1, 4, 37, -2.080, 0.008, 0.008, 1
13, P3M1, 1, 37, -1.381, 0.042, 0.042, 1
13, P3M1, 4, 38, -2.077, 0.008, 0.008, 1
13, P3M1, 3, 38, -0.617, 0.242, 0.242, 1
13, P3M1, 2, 38, -1.478, 0.033, 0.033, 1
13, P3M1, 1, 38, -2.084, 0.008, 0.008, 0
13, P3M1, 1, 39, -1.301, 0.050, 0.050, 1
13, P3M1, 3, 39, -0.699, 0.200, 0.200, 1
13, P3M1, 4, 39, -2.082, 0.008, 0.008, 1
13, P3M1, 2, 39, -1.603, 0.025, 0.025, 1
13, P3M1, 4, 40, -2.080, 0.008, 0.008, 1
13, P3M1, 2, 40, -1.779, 0.017, 0.017, 0
13, P3M1, 3, 40, -0.849, 0.142, 0.142, 1
13, P3M1, 1, 40, -2.083, 0.008, 0.008, 1
