person, group, rep, n, t, t1, t2, correct
6, PG, 0, 1, -0.301, 0.458, 0.458, 0
6, PG, 0, 2, -0.301, 0.458, 0.458, 1
6, PG, 0, 3, -0.301, 0.458, 0.458, 1
6, PG, 0, 4, -0.301, 0.458, 0.458, 1
6, PG, 0, 5, -0.301, 0.458, 0.458, 0
6, PG, 0, 6, -0.301, 0.458, 0.458, 0
6, PG, 0, 7, -0.301, 0.458, 0.458, 1
6, PG, 0, 8, -0.301, 0.458, 0.458, 1
6, PG, 0, 9, -0.301, 0.458, 0.458, 0
6, PG, 0, 10, -0.301, 0.458, 0.458, 1
6, PG, 0, 1, -0.301, 0.458, 0.458, 1
6, PG, 0, 2, -0.301, 0.458, 0.458, 1
6, PG, 0, 3, -0.301, 0.458, 0.458, 1
6, PG, 0, 4, -0.301, 0.458, 0.458, 0
6, PG, 0, 5, -0.301, 0.458, 0.458, 0
6, PG, 0, 6, -0.301, 0.458, 0.458, 1
6, PG, 0, 7, -0.301, 0.458, 0.458, 1
6, PG, 0, 8, -0.301, 0.458, 0.458, 1
6, PG, 0, 9, -0.301, 0.458, 0.458, 0
6, PG, 0, 10, -0.301, 0.458, 0.458, 0
6, PG, 0, 1, -0.301, 0.458, 0.458, 1
6, PG, 0, 2, -0.301, 0.458, 0.458, 1
6, PG, 0, 3, -0.301, 0.458, 0.458, 1
6, PG, 0, 4, -0.301, 0.458, 0.458, 0
6, PG, 0, 5, -0.301, 0.458, 0.458, 1
6, PG, 0, 6, -0.301, 0.458, 0.458, 0
6, PG, 0, 7, -0.301, 0.458, 0.458, 0
6, PG, 0, 8, -0.301, 0.458, 0.458, 0
6, PG, 0, 9, -0.301, 0.458, 0.458, 0
6, PG, 0, 10, -0.301, 0.458, 0.458, 1
6, PG, 0, 1, -0.301, 0.458, 0.458, 1
6, PG, 0, 2, -0.301, 0.458, 0.458, 0
6, PG, 0, 3, -0.301, 0.458, 0.458, 1
6, PG, 0, 4, -0.301, 0.458, 0.458, 1
6, PG, 0, 5, -0.301, 0.458, 0.458, 0
6, PG, 0, 6, -0.301, 0.458, 0.458, 1
6, PG, 0, 7, -0.301, 0.458, 0.458, 0
6, PG, 0, 8, -0.301, 0.458, 0.458, 0
6, PG, 0, 9, -0.301, 0.458, 0.458, 0
6, PG, 0, 10, -0.301, 0.458, 0.458, 1
6, PG, 0, 1, -0.301, 0.458, 0.458, 0
6, PG, 0, 2, -0.301, 0.458, 0.458, 1
6, PG, 0, 3, -0.301, 0.458, 0.458, 1
6, PG, 0, 4, -0.301, 0.458, 0.458, 1
6, PG, 0, 5, -0.301, 0.458, 0.458, 1
6, PG, 0, 6, -0.301, 0.458, 0.458, 0
6, PG, 0, 7, -0.301, 0.458, 0.458, 1
6, PG, 0, 8, -0.301, 0.458, 0.458, 0
6, PG, 0, 9, -0.301, 0.458, 0.458, 1
6, PG, 0, 10, -0.301, 0.458, 0.458, 1
6, PG, 0, 1, -0.301, 0.458, 0.458, 1
6, PG, 0, 2, -0.301, 0.458, 0.458, 0
6, PG, 0, 3, -0.301, 0.458, 0.458, 1
6, PG, 0, 4, -0.301, 0.458, 0.458, 0
6, PG, 0, 5, -0.301, 0.458, 0.458, 0
6, PG, 0, 6, -0.301, 0.458, 0.458, 0
6, PG, 0, 7, -0.301, 0.458, 0.458, 1
6, PG, 0, 8, -0.301, 0.458, 0.458, 1
6, PG, 0, 9, -0.301, 0.458, 0.458, 1
6, PG, 0, 10, -0.301, 0.458, 0.458, 0
6, PG, 0, 1, -0.301, 0.458, 0.458, 1
6, PG, 0, 2, -0.301, 0.458, 0.458, 1
6, PG, 0, 3, -0.301, 0.458, 0.458, 0
6, PG, 0, 4, -0.301, 0.458, 0.458, 0
6, PG, 0, 5, -0.301, 0.458, 0.458, 1
6, PG, 0, 6, -0.301, 0.458, 0.458, 1
6, PG, 0, 7, -0.301, 0.458, 0.458, 1
6, PG, 0, 8, -0.301, 0.458, 0.458, 0
6, PG, 0, 9, -0.301, 0.458, 0.458, 1
6, PG, 0, 10, -0.301, 0.458, 0.458, 0
6, PG, 0, 1, -0.301, 0.458, 0.458, 1
6, PG, 0, 2, -0.301, 0.458, 0.458, 1
6, PG, 0, 3, -0.301, 0.458, 0.458, 0
6, PG, 0, 4, -0.301, 0.458, 0.458, 1
6, PG, 0, 5, -0.301, 0.458, 0.458, 1
6, PG, 0, 6, -0.301, 0.458, 0.458, 1
6, PG, 0, 7, -0.301, 0.458, 0.458, 0
6, PG, 0, 8, -0.301, 0.458, 0.458, 1
6, PG, 0, 9, -0.301, 0.458, 0.458, 1
6, PG, 0, 10, -0.301, 0.458, 0.458, 0
6, PG, 0, 1, -0.301, 0.458, 0.458, 1
6, PG, 0, 2, -0.301, 0.458, 0.458, 1
6, PG, 0, 3, -0.301, 0.458, 0.458, 1
6, PG, 0, 4, -0.301, 0.458, 0.458, 0
6, PG, 0, 5, -0.301, 0.458, 0.458, 0
6, PG, 0, 6, -0.301, 0.458, 0.458, 1
6, PG, 0, 7, -0.301, 0.458, 0.458, 0
6, PG, 0, 8, -0.301, 0.458, 0.458, 0
6, PG, 0, 9, -0.301, 0.458, 0.458, 1
6, PG, 0, 10, -0.301, 0.458, 0.458, 1
6, PG, 0, 1, -0.301, 0.458, 0.458, 1
6, PG, 0, 2, -0.301, 0.458, 0.458, 1
6, PG, 0, 3, -0.301, 0.458, 0.458, 1
6, PG, 0, 4, -0.301, 0.458, 0.458, 1
6, PG, 0, 5, -0.301, 0.458, 0.458, 1
6, PG, 0, 6, -0.301, 0.458, 0.458, 0
6, PG, 0, 7, -0.301, 0.458, 0.458, 0
6, PG, 0, 8, -0.301, 0.458, 0.458, 1
6, PG, 0, 9, -0.301, 0.458, 0.458, 0
6, PG, 0, 10, -0.301, 0.458, 0.458, 1
6, PG, 0, 1, -0.301, 0.458, 0.458, 0
6, PG, 0, 2, -0.301, 0.458, 0.458, 1
6, PG, 0, 3, -0.301, 0.458, 0.458, 1
6, PG, 0, 4, -0.301, 0.458, 0.458, 1
6, PG, 0, 5, -0.301, 0.458, 0.458, 1
6, PG, 0, 6, -0.301, 0.458, 0.458, 0
6, PG, 0, 7, -0.301, 0.458, 0.458, 0
6, PG, 0, 8, -0.301, 0.458, 0.458, 0
6, PG, 0, 9, -0.301, 0.458, 0.458, 0
6, PG, 0, 10, -0.301, 0.458, 0.458, 0
6, PG, 0, 1, -0.301, 0.458, 0.458, 0
6, PG, 0, 2, -0.301, 0.458, 0.458, 1
6, PG, 0, 3, -0.301, 0.458, 0.458, 1
6, PG, 0, 4, -0.301, 0.458, 0.458, 0
6, PG, 0, 5, -0.301, 0.458, 0.458, 1
6, PG, 0, 6, -0.301, 0.458, 0.458, 1
6, PG, 0, 7, -0.301, 0.458, 0.458, 0
6, PG, 0, 8, -0.301, 0.458, 0.458, 1
6, PG, 0, 9, -0.301, 0.458, 0.458, 1
6, PG, 0, 10, -0.301, 0.458, 0.458, 1
6, PG, 0, 1, -0.301, 0.458, 0.458, 1
6, PG, 0, 2, -0.301, 0.458, 0.458, 0
6, PG, 0, 3, -0.301, 0.458, 0.458, 0
6, PG, 0, 4, -0.301, 0.458, 0.458, 1
6, PG, 0, 5, -0.301, 0.458, 0.458, 1
6, PG, 0, 6, -0.301, 0.458, 0.458, 1
6, PG, 0, 7, -0.301, 0.458, 0.458, 1
6, PG, 0, 8, -0.301, 0.458, 0.458, 1
6, PG, 0, 9, -0.301, 0.458, 0.458, 1
6, PG, 0, 10, -0.301, 0.458, 0.458, 1
6, PG, 0, 1, -0.301, 0.458, 0.458, 1
6, PG, 0, 2, -0.301, 0.458, 0.458, 1
6, PG, 0, 3, -0.301, 0.458, 0.458, 1
6, PG, 0, 4, -0.301, 0.458, 0.458, 0
6, PG, 0, 5, -0.301, 0.458, 0.458, 1
6, PG, 0, 6, -0.301, 0.458, 0.458, 0
6, PG, 0, 7, -0.301, 0.458, 0.458, 1
6, PG, 0, 8, -0.301, 0.458, 0.458, 0
6, PG, 0, 9, -0.301, 0.458, 0.458, 1
6, PG, 0, 10, -0.301, 0.458, 0.458, 1
6, PG, 0, 1, -0.301, 0.458, 0.458, 0
6, PG, 0, 2, -0.301, 0.458, 0.458, 1
6, PG, 0, 3, -0.301, 0.458, 0.458, 0
6, PG, 0, 4, -0.301, 0.458, 0.458, 1
6, PG, 0, 5, -0.301, 0.458, 0.458, 1
6, PG, 0, 6, -0.301, 0.458, 0.458, 0
6, PG, 0, 7, -0.301, 0.458, 0.458, 1
6, PG, 0, 8, -0.301, 0.458, 0.458, 0
6, PG, 0, 9, -0.301, 0.458, 0.458, 0
6, PG, 0, 10, -0.301, 0.458, 0.458, 0
6, PG, 0, 1, -0.301, 0.458, 0.458, 1
6, PG, 0, 2, -0.301, 0.458, 0.458, 0
6, PG, 0, 3, -0.301, 0.458, 0.458, 1
6, PG, 0, 4, -0.301, 0.458, 0.458, 1
6, PG, 0, 5, -0.301, 0.458, 0.458, 1
6, PG, 0, 6, -0.301, 0.458, 0.458, 1
6, PG, 0, 7, -0.301, 0.458, 0.458, 0
6, PG, 0, 8, -0.301, 0.458, 0.458, 0
6, PG, 0, 9, -0.301, 0.458, 0.458, 0
6, PG, 0, 10, -0.301, 0.458, 0.458, 1
6, PG, 0, 1, -0.301, 0.458, 0.458, 1
6, PG, 0, 2, -0.301, 0.458, 0.458, 1
6, PG, 0, 3, -0.301, 0.458, 0.458, 0
6, PG, 0, 4, -0.301, 0.458, 0.458, 1
6, PG, 0, 5, -0.301, 0.458, 0.458, 0
6, PG, 0, 6, -0.301, 0.458, 0.458, 1
6, PG, 0, 7, -0.301, 0.458, 0.458, 1
6, PG, 0, 8, -0.301, 0.458, 0.458, 1
6, PG, 0, 9, -0.301, 0.458, 0.458, 1
6, PG, 0, 10, -0.301, 0.458, 0.458, 1
6, PG, 0, 1, -0.301, 0.458, 0.458, 0
6, PG, 0, 2, -0.301, 0.458, 0.458, 1
6, PG, 0, 3, -0.301, 0.458, 0.458, 0
6, PG, 0, 4, -0.301, 0.458, 0.458, 1
6, PG, 0, 5, -0.301, 0.458, 0.458, 0
6, PG, 0, 6, -0.301, 0.458, 0.458, 1
6, PG, 0, 7, -0.301, 0.458, 0.458, 0
6, PG, 0, 8, -0.301, 0.458, 0.458, 1
6, PG, 0, 9, -0.301, 0.458, 0.458, 1
6, PG, 0, 10, -0.301, 0.458, 0.458, 1
6, PG, 0, 1, -0.301, 0.458, 0.458, 1
6, PG, 0, 2, -0.301, 0.458, 0.458, 1
6, PG, 0, 3, -0.301, 0.458, 0.458, 1
6, PG, 0, 4, -0.301, 0.458, 0.458, 1
6, PG, 0, 5, -0.301, 0.458, 0.458, 1
6, PG, 0, 6, -0.301, 0.458, 0.458, 0
6, PG, 0, 7, -0.301, 0.458, 0.458, 0
6, PG, 0, 8, -0.301, 0.458, 0.458, 1
6, PG, 0, 9, -0.301, 0.458, 0.458, 1
6, PG, 0, 10, -0.301, 0.458, 0.458, 1
6, PG, 0, 1, -0.301, 0.458, 0.458, 0
6, PG, 0, 2, -0.301, 0.458, 0.458, 1
6, PG, 0, 3, -0.301, 0.458, 0.458, 0
6, PG, 0, 4, -0.301, 0.458, 0.458, 0
6, PG, 0, 5, -0.301, 0.458, 0.458, 1
6, PG, 0, 6, -0.301, 0.458, 0.458, 0
6, PG, 0, 7, -0.301, 0.458, 0.458, 0
6, PG, 0, 8, -0.301, 0.458, 0.458, 1
6, PG, 0, 9, -0.301, 0.458, 0.458, 1
6, PG, 0, 10, -0.301, 0.458, 0.458, 0
6, PG, 0, 1, -0.301, 0.458, 0.458, 0
6, PG, 0, 2, -0.301, 0.458, 0.458, 0
6, PG, 0, 3, -0.301, 0.458, 0.458, 1
6, PG, 0, 4, -0.301, 0.458, 0.458, 1
6, PG, 0, 5, -0.301, 0.458, 0.458, 1
6, PG, 0, 6, -0.301, 0.458, 0.458, 0
6, PG, 0, 7, -0.301, 0.458, 0.458, 1
6, PG, 0, 8, -0.301, 0.458, 0.458, 0
6, PG, 0, 9, -0.301, 0.458, 0.458, 1
6, PG, 0, 10, -0.301, 0.458, 0.458, 0
6, PG, 0, 1, -0.301, 0.458, 0.458, 0
6, PG, 0, 2, -0.301, 0.458, 0.458, 1
6, PG, 0, 3, -0.301, 0.458, 0.458, 1
6, PG, 0, 4, -0.301, 0.458, 0.458, 0
6, PG, 0, 5, -0.301, 0.458, 0.458, 1
6, PG, 0, 6, -0.301, 0.458, 0.458, 1
6, PG, 0, 7, -0.301, 0.458, 0.458, 1
6, PG, 0, 8, -0.301, 0.458, 0.458, 1
6, PG, 0, 9, -0.301, 0.458, 0.458, 1
6, PG, 0, 10, -0.301, 0.458, 0.458, 1
6, PG, 0, 1, -0.301, 0.458, 0.458, 1
6, PG, 0, 2, -0.301, 0.458, 0.458, 0
6, PG, 0, 3, -0.301, 0.458, 0.458, 1
6, PG, 0, 4, -0.301, 0.458, 0.458, 0
6, PG, 0, 5, -0.301, 0.458, 0.458, 1
6, PG, 0, 6, -0.301, 0.458, 0.458, 0
6, PG, 0, 7, -0.301, 0.458, 0.458, 0
6, PG, 0, 8, -0.301, 0.458, 0.458, 1
6, PG, 0, 9, -0.301, 0.458, 0.458, 0
6, PG, 0, 10, -0.301, 0.458, 0.458, 0
6, PG, 0, 1, -0.301, 0.458, 0.458, 1
6, PG, 0, 2, -0.301, 0.458, 0.458, 1
6, PG, 0, 3, -0.301, 0.458, 0.458, 1
6, PG, 0, 4, -0.301, 0.458, 0.458, 0
6, PG, 0, 5, -0.301, 0.458, 0.458, 0
6, PG, 0, 6, -0.301, 0.458, 0.458, 1
6, PG, 0, 7, -0.301, 0.458, 0.458, 1
6, PG, 0, 8, -0.301, 0.458, 0.458, 1
6, PG, 0, 9, -0.301, 0.458, 0.458, 0
6, PG, 0, 10, -0.301, 0.458, 0.458, 0
6, PG, 0, 1, -0.301, 0.458, 0.458, 1
6, PG, 0, 2, -0.301, 0.458, 0.458, 0
6, PG, 0, 3, -0.301, 0.458, 0.458, 0
6, PG, 0, 4, -0.301, 0.458, 0.458, 0
6, PG, 0, 5, -0.301, 0.458, 0.458, 1
6, PG, 0, 6, -0.301, 0.458, 0.458, 1
6, PG, 0, 7, -0.301, 0.458, 0.458, 0
6, PG, 0, 8, -0.301, 0.458, 0.458, 0
6, PG, 0, 9, -0.301, 0.458, 0.458, 1
6, PG, 0, 10, -0.301, 0.458, 0.458, 1
6, PG, 0, 1, -0.301, 0.458, 0.458, 1
6, PG, 0, 2, -0.301, 0.458, 0.458, 1
6, PG, 0, 3, -0.301, 0.458, 0.458, 1
6, PG, 0, 4, -0.301, 0.458, 0.458, 1
6, PG, 0, 5, -0.301, 0.458, 0.458, 0
6, PG, 0, 6, -0.301, 0.458, 0.458, 0
6, PG, 0, 7, -0.301, 0.458, 0.458, 0
6, PG, 0, 8, -0.301, 0.458, 0.458, 1
6, PG, 0, 9, -0.301, 0.458, 0.458, 0
6, PG, 0, 10, -0.301, 0.458, 0.458, 0
6, PG, 0, 1, -0.301, 0.458, 0.458, 1
6, PG, 0, 2, -0.301, 0.458, 0.458, 1
6, PG, 0, 3, -0.301, 0.458, 0.458, 0
6, PG, 0, 4, -0.301, 0.458, 0.458, 1
6, PG, 0, 5, -0.301, 0.458, 0.458, 1
6, PG, 0, 6, -0.301, 0.458, 0.458, 0
6, PG, 0, 7, -0.301, 0.458, 0.458, 0
6, PG, 0, 8, -0.301, 0.458, 0.458, 1
6, PG, 0, 9, -0.301, 0.458, 0.458, 0
6, PG, 0, 10, -0.301, 0.458, 0.458, 1
6, PG, 0, 1, -0.301, 0.458, 0.458, 1
6, PG, 0, 2, -0.301, 0.458, 0.458, 1
6, PG, 0, 3, -0.301, 0.458, 0.458, 0
6, PG, 0, 4, -0.301, 0.458, 0.458, 0
6, PG, 0, 5, -0.301, 0.458, 0.458, 1
6, PG, 0, 6, -0.301, 0.458, 0.458, 0
6, PG, 0, 7, -0.301, 0.458, 0.458, 1
6, PG, 0, 8, -0.301, 0.458, 0.458, 1
6, PG, 0, 9, -0.301, 0.458, 0.458, 1
6, PG, 0, 10, -0.301, 0.458, 0.458, 1
6, PG, 0, 1, -0.301, 0.458, 0.458, 1
6, PG, 0, 2, -0.301, 0.458, 0.458, 1
6, PG, 0, 3, -0.301, 0.458, 0.458, 1
6, PG, 0, 4, -0.301, 0.458, 0.458, 1
6, PG, 0, 5, -0.301, 0.458, 0.458, 1
6, PG, 0, 6, -0.301, 0.458, 0.458, 1
6, PG, 0, 7, -0.301, 0.458, 0.458, 1
6, PG, 0, 8, -0.301, 0.458, 0.458, 1
6, PG, 0, 9, -0.301, 0.458, 0.458, 0
6, PG, 0, 10, -0.301, 0.458, 0.458, 1
6, PG, 1, 1, -0.389, 0.408, 0.408, 1
6, PG, 3, 1, -1.176, 0.067, 0.067, 0
6, PG, 2, 1, -0.737, 0.183, 0.183, 1
6, PG, 4, 1, -2.082, 0.008, 0.008, 1
6, PG, 4, 2, -2.082, 0.008, 0.008, 0
6, PG, 3, 2, -0.019, 0.958, 0.958, 0
6, PG, 2, 2, -1.603, 0.025, 0.025, 1
6, PG, 1, 2, -1.038, 0.092, 0.092, 0
6, PG, 2, 3, -2.081, 0.008, 0.008, 1
6, PG, 1, 3, -0.018, 0.958, 0.958, 0
6, PG, 4, 3, -0.737, 0.183, 0.183, 0
6, PG, 3, 3, -0.018, 0.958, 0.958, 1
6, PG, 1, 4, -0.018, 0.958, 0.958, 1
6, PG, 2, 4, -2.086, 0.008, 0.008, 0
6, PG, 4, 4, -0.018, 0.958, 0.958, 1
6, PG, 3, 4, -0.018, 0.958, 0.958, 1
6, PG, 3, 5, -0.018, 0.958, 0.958, 0
6, PG, 4, 5, -0.125, 0.750, 0.750, 0
6, PG, 1, 5, -0.018, 0.958, 0.958, 0
6, PG, 2, 5, -1.380, 0.042, 0.042, 0
6, PG, 1, 6, -0.018, 0.958, 0.958, 1
6, PG, 3, 6, -0.018, 0.958, 0.958, 1
6, PG, 4, 6, -0.018, 0.958, 0.958, 1
6, PG, 2, 6, -0.260, 0.550, 0.550, 1
6, PG, 1, 7, -0.018, 0.958, 0.958, 0
6, PG, 2, 7, -0.681, 0.208, 0.208, 1
6, PG, 4, 7, -0.018, 0.958, 0.958, 1
6, PG, 3, 7, -0.018, 0.958, 0.958, 1
6, PG, 4, 8, -0.018, 0.958, 0.958, 1
6, PG, 1, 8, -0.018, 0.958, 0.958, 1
6, PG, 3, 8, -0.018, 0.958, 0.958, 1
6, PG, 2, 8, -0.965, 0.108, 0.108, 1
6, PG, 2, 9, -1.176, 0.067, 0.067, 0
6, PG, 3, 9, -0.019, 0.958, 0.958, 1
6, PG, 4, 9, -0.030, 0.933, 0.933, 1
6, PG, 1, 9, -0.018, 0.958, 0.958, 1
6, PG, 4, 10, -0.097, 0.800, 0.800, 1
6, PG, 1, 10, -0.018, 0.958, 0.958, 0
6, PG, 3, 10, -0.018, 0.958, 0.958, 0
6, PG, 2, 10, -0.849, 0.142, 0.142, 1
6, PG, 2, 11, -1.000, 0.100, 0.100, 1
6, PG, 4, 11, -0.155, 0.700, 0.700, 1
6, PG, 3, 11, -0.018, 0.958, 0.958, 0
6, PG, 1, 11, -0.018, 0.958, 0.958, 1
6, PG, 2, 12, -1.125, 0.075, 0.075, 1
6, PG, 4, 12, -0.213, 0.617, 0.608, 1
6, PG, 1, 12, -0.018, 0.958, 0.958, 0
6, PG, 3, 12, -0.018, 0.958, 0.958, 1
6, PG, 2, 13, -1.235, 0.058, 0.058, 1
6, PG, 4, 13, -0.294, 0.508, 0.508, 0
6, PG, 1, 13, -0.019, 0.958, 0.958, 0
6, PG, 3, 13, -0.018, 0.958, 0.958, 1
6, PG, 2, 14, -1.301, 0.050, 0.050, 1
6, PG, 4, 14, -0.115, 0.767, 0.767, 1
6, PG, 3, 14, -0.018, 0.958, 0.958, 1
6, PG, 1, 14, -0.018, 0.958, 0.958, 0
6, PG, 4, 15, -0.145, 0.717, 0.717, 0
6, PG, 3, 15, -0.019, 0.958, 0.958, 1
6, PG, 2, 15, -1.381, 0.042, 0.042, 0
6, PG, 1, 15, -0.018, 0.958, 0.958, 0
6, PG, 4, 16, -0.054, 0.883, 0.883, 0
6, PG, 1, 16, -0.018, 0.958, 0.958, 0
6, PG, 3, 16, -0.018, 0.958, 0.958, 1
6, PG, 2, 16, -1.301, 0.050, 0.050, 1
6, PG, 4, 17, -0.019, 0.958, 0.958, 0
6, PG, 2, 17, -1.339, 0.050, 0.042, 0
6, PG, 1, 17, -0.018, 0.958, 0.958, 0
6, PG, 3, 17, -0.018, 0.958, 0.958, 0
6, PG, 3, 18, -0.018, 0.958, 0.958, 0
6, PG, 1, 18, -0.018, 0.958, 0.958, 1
6, PG, 4, 18, -0.019, 0.958, 0.958, 1
6, PG, 2, 18, -1.234, 0.058, 0.058, 1
6, PG, 4, 19, -0.018, 0.958, 0.958, 1
6, PG, 1, 19, -0.018, 0.958, 0.958, 1
6, PG, 3, 19, -0.019, 0.958, 0.958, 0
6, PG, 2, 19, -1.302, 0.050, 0.050, 1
6, PG, 1, 20, -0.018, 0.958, 0.958, 0
6, PG, 4, 20, -0.018, 0.958, 0.958, 1
6, PG, 3, 20, -0.019, 0.958, 0.958, 0
6, PG, 2, 20, -1.380, 0.042, 0.042, 0
6, PG, 4, 21, -0.018, 0.958, 0.958, 1
6, PG, 3, 21, -0.018, 0.958, 0.958, 0
6, PG, 2, 21, -1.302, 0.050, 0.050, 1
6, PG, 1, 21, -0.018, 0.958, 0.958, 0
6, PG, 3, 22, -0.018, 0.958, 0.958, 0
6, PG, 2, 22, -1.381, 0.042, 0.042, 1
6, PG, 1, 22, -0.018, 0.958, 0.958, 0
6, PG, 4, 22, -0.019, 0.958, 0.958, 0
6, PG, 4, 23, -0.018, 0.958, 0.958, 1
6, PG, 2, 23, -1.380, 0.042, 0.042, 0
6, PG, 1, 23, -0.018, 0.958, 0.958, 1
6, PG, 3, 23, -0.018, 0.958, 0.958, 1
6, PG, 3, 24, -0.018, 0.958, 0.958, 1
6, PG, 1, 24, -0.018, 0.958, 0.958, 1
6, PG, 4, 24, -0.018, 0.958, 0.958, 1
6, PG, 2, 24, -1.381, 0.042, 0.042, 1
6, PG, 2, 25, -1.381, 0.042, 0.042, 0
6, PG, 4, 25, -0.018, 0.958, 0.958, 0
6, PG, 3, 25, -0.018, 0.958, 0.958, 1
6, PG, 1, 25, -0.018, 0.958, 0.958, 1
6, PG, 1, 26, -0.019, 0.958, 0.958, 1
6, PG, 4, 26, -0.018, 0.958, 0.958, 1
6, PG, 2, 26, -1.380, 0.042, 0.042, 0
6, PG, 3, 26, -0.018, 0.958, 0.958, 1
6, PG, 4, 27, -0.018, 0.958, 0.958, 0
6, PG, 2, 27, -1.302, 0.050, 0.050, 1
6, PG, 1, 27, -0.018, 0.958, 0.958, 0
6, PG, 3, 27, -0.018, 0.958, 0.958, 0
6, PG, 3, 28, -0.019, 0.958, 0.958, 0
6, PG, 4, 28, -0.018, 0.958, 0.958, 0
6, PG, 2, 28, -1.380, 0.042, 0.042, 1
6, PG, 1, 28, -0.018, 0.958, 0.958, 0
6, PG, 3, 29, -0.018, 0.958, 0.958, 1
6, PG, 1, 29, -0.018, 0.958, 0.958, 0
6, PG, 2, 29, -1.380, 0.042, 0.042, 1
6, PG, 4, 29, -0.018, 0.958, 0.958, 1
6, PG, 1, 30, -0.018, 0.958, 0.958, 0
6, PG, 4, 30, -0.018, 0.958, 0.958, 0
6, PG, 3, 30, -0.019, 0.958, 0.958, 0
6, PG, 2, 30, -1.478, 0.033, 0.033, 1
6, PG, 2, 31, -1.479, 0.033, 0.033, 1
6, PG, 1, 31, -0.018, 0.958, 0.958, 0
6, PG, 4, 31, -0.018, 0.958, 0.958, 1
6, PG, 3, 31, -0.018, 0.958, 0.958, 1
6, PG, 1, 32, -0.018, 0.958, 0.958, 1
6, PG, 2, 32, -1.479, 0.033, 0.033, 0
6, PG, 4, 32, -0.018, 0.958, 0.958, 1
6, PG, 3, 32, -0.018, 0.958, 0.958, 1
6, PG, 3, 33, -0.018, 0.958, 0.958, 1
6, PG, 4, 33, -0.018, 0.958, 0.958, 1
6, PG, 1, 33, -0.018, 0.958, 0.958, 1
6, PG, 2, 33, -1.478, 0.033, 0.033, 1
6, PG, 4, 34, -0.018, 0.958, 0.958, 0
6, PG, 3, 34, -0.018, 0.958, 0.958, 1
6, PG, 2, 34, -1.477, 0.033, 0.033, 1
6, PG, 1, 34, -0.018, 0.958, 0.958, 0
6, PG, 3, 35, -0.018, 0.958, 0.958, 0
6, PG, 4, 35, -0.018, 0.958, 0.958, 0
6, PG, 1, 35, -0.018, 0.958, 0.958, 0
6, PG, 2, 35, -1.477, 0.033, 0.033, 1
6, PG, 3, 36, -0.018, 0.958, 0.958, 0
6, PG, 4, 36, -0.018, 0.958, 0.958, 0
6, PG, 1, 36, -0.018, 0.958, 0.958, 0
6, PG, 2, 36, -1.478, 0.033, 0.033, 0
6, PG, 1, 37, -0.018, 0.958, 0.958, 1
6, PG, 3, 37, -0.018, 0.958, 0.958, 1
6, PG, 4, 37, -0.018, 0.958, 0.958, 1
6, PG, 2, 37, -1.477, 0.033, 0.033, 1
6, PG, 4, 38, -0.018, 0.958, 0.958, 0
6, PG, 1, 38, -0.018, 0.958, 0.958, 1
6, PG, 3, 38, -0.018, 0.958, 0.958, 1
6, PG, 2, 38, -1.477, 0.033, 0.033, 0
6, PG, 1, 39, -0.018, 0.958, 0.958, 1
6, PG, 3, 39, -0.018, 0.958, 0.958, 1
6, PG, 2, 39, -1.477, 0.033, 0.033, 0
6, PG, 4, 39, -0.019, 0.958, 0.958, 1
6, PG, 3, 40, -0.018, 0.958, 0.958, 1
6, PG, 1, 40, -0.018, 0.958, 0.958, 1
6, PG, 4, 40, -0.018, 0.958, 0.958, 1
6, PG, 2, 40, -1.477, 0.033, 0.033, 1
