person, group, rep, n, t, t1, t2, correct
3, CMM, 0, 1, -0.602, 0.217, 0.217, 1
3, CMM, 0, 2, -0.602, 0.217, 0.217, 1
3, CMM, 0, 3, -0.602, 0.217, 0.217, 1
3, CMM, 0, 4, -0.602, 0.217, 0.217, 1
3, CMM, 0, 5, -0.602, 0.217, 0.217, 0
3, CMM, 0, 6, -0.602, 0.217, 0.217, 1
3, CMM, 0, 7, -0.602, 0.217, 0.217, 1
3, CMM, 0, 8, -0.602, 0.217, 0.217, 0
3, CMM, 0, 9, -0.602, 0.217, 0.217, 1
3, CMM, 0, 10, -0.602, 0.217, 0.217, 1
3, CMM, 0, 11, -0.602, 0.217, 0.217, 1
3, CMM, 0, 12, -0.602, 0.217, 0.217, 1
3, CMM, 0, 13, -0.602, 0.217, 0.217, 1
3, CMM, 0, 14, -0.602, 0.217, 0.217, 1
3, CMM, 0, 15, -0.602, 0.217, 0.217, 1
3, CMM, 2, 1, -0.664, 0.217, 0.217, 1
3, CMM, 1, 1, -0.315, 0.484, 0.484, 0
3, CMM, 3, 1, -1.078, 0.083, 0.084, 1
3, CMM, 4, 1, -1.477, 0.033, 0.033, 1
3, CMM, 4, 2, -1.776, 0.017, 0.017, 0
3, CMM, 3, 2, -1.779, 0.017, 0.017, 0
3, CMM, 1, 2, 0.164, 1.468, 1.451, 1
3, CMM, 2, 2, -1.477, 0.033, 0.033, 1
3, CMM, 2, 3, -1.777, 0.017, 0.017, 1
3, CMM, 4, 3, -0.547, 0.284, 0.284, 1
3, CMM, 1, 3, 0.167, 1.468, 1.468, 1
3, CMM, 3, 3, -0.547, 0.284, 0.284, 1
3, CMM, 1, 4, 0.167, 1.468, 1.468, 1
3, CMM, 2, 4, -1.777, 0.017, 0.017, 1
3, CMM, 4, 4, -1.000, 0.100, 0.100, 1
3, CMM, 3, 4, -1.078, 0.083, 0.083, 1
3, CMM, 1, 5, 0.055, 1.135, 1.135, 1
3, CMM, 2, 5, -1.775, 0.017, 0.017, 0
3, CMM, 4, 5, -1.477, 0.033, 0.033, 1
3, CMM, 3, 5, -1.477, 0.033, 0.033, 1
3, CMM, 4, 6, -1.779, 0.017, 0.017, 0
3, CMM, 3, 6, -1.777, 0.017, 0.017, 1
3, CMM, 2, 6, -1.176, 0.067, 0.067, 1
3, CMM, 1, 6, -0.045, 0.901, 0.901, 1
3, CMM, 3, 7, -1.777, 0.017, 0.017, 1
3, CMM, 2, 7, -1.777, 0.017, 0.017, 1
3, CMM, 1, 7, -0.115, 0.768, 0.767, 0
3, CMM, 4, 7, -1.477, 0.033, 0.033, 0
3, CMM, 2, 8, -1.778, 0.017, 0.017, 1
3, CMM, 4, 8, -1.000, 0.100, 0.100, 1
3, CMM, 1, 8, 0.103, 1.268, 1.268, 1
3, CMM, 3, 8, -1.778, 0.017, 0.017, 0
3, CMM, 1, 9, 0.042, 1.101, 1.101, 1
3, CMM, 4, 9, -1.301, 0.050, 0.050, 1
3, CMM, 2, 9, -1.778, 0.017, 0.017, 0
3, CMM, 3, 9, -1.778, 0.017, 0.017, 1
3, CMM, 2, 10, -1.778, 0.017, 0.017, 1
3, CMM, 3, 10, -1.777, 0.017, 0.017, 1
3, CMM, 4, 10, -1.477, 0.033, 0.033, 1
3, CMM, 1, 10, 0.000, 1.001, 1.001, 1
3, CMM, 2, 11, -1.778, 0.017, 0.017, 0
3, CMM, 4, 11, -1.778, 0.017, 0.017, 1
3, CMM, 3, 11, -1.779, 0.017, 0.017, 0
3, CMM, 1, 11, -0.029, 0.934, 0.934, 1
3, CMM, 1, 12, -0.062, 0.868, 0.868, 1
3, CMM, 3, 12, -1.778, 0.017, 0.017, 0
3, CMM, 4, 12, -1.779, 0.017, 0.017, 0
3, CMM, 2, 12, -1.477, 0.033, 0.033, 1
3, CMM, 4, 13, -1.778, 0.017, 0.017, 0
3, CMM, 3, 13, -1.775, 0.017, 0.017, 1
3, CMM, 2, 13, -1.779, 0.017, 0.017, 0
3, CMM, 1, 13, -0.079, 0.834, 0.834, 1
3, CMM, 1, 14, -0.106, 0.784, 0.784, 1
3, CMM, 2, 14, -1.778, 0.017, 0.017, 1
3, CMM, 4, 14, -1.777, 0.017, 0.017, 0
3, CMM, 3, 14, -1.778, 0.017, 0.017, 0
3, CMM, 1, 15, -0.124, 0.751, 0.751, 1
3, CMM, 3, 15, -1.777, 0.017, 0.017, 0
3, CMM, 4, 15, -1.777, 0.017, 0.017, 1
3, CMM, 2, 15, -1.779, 0.017, 0.017, 1
3, CMM, 4, 16, -1.779, 0.017, 0.017, 0
3, CMM, 3, 16, -1.476, 0.033, 0.033, 1
3, CMM, 2, 16, -1.779, 0.017, 0.017, 1
3, CMM, 1, 16, -0.144, 0.717, 0.717, 1
3, CMM, 1, 17, -0.165, 0.684, 0.684, 1
3, CMM, 4, 17, -1.784, 0.016, 0.017, 0
3, CMM, 3, 17, -1.778, 0.017, 0.017, 0
3, CMM, 2, 17, -1.778, 0.017, 0.017, 0
3, CMM, 1, 18, -0.187, 0.651, 0.651, 1
3, CMM, 2, 18, -1.778, 0.017, 0.017, 1
3, CMM, 3, 18, -1.777, 0.017, 0.017, 1
3, CMM, 4, 18, -1.477, 0.033, 0.033, 1
3, CMM, 3, 19, -1.778, 0.017, 0.017, 0
3, CMM, 1, 19, -0.209, 0.617, 0.617, 1
3, CMM, 2, 19, -1.777, 0.017, 0.017, 1
3, CMM, 4, 19, -1.778, 0.017, 0.017, 1
3, CMM, 2, 20, -1.777, 0.017, 0.017, 0
3, CMM, 4, 20, -1.777, 0.017, 0.017, 0
3, CMM, 3, 20, -1.778, 0.017, 0.017, 1
3, CMM, 1, 20, -0.234, 0.584, 0.584, 1
3, CMM, 2, 21, -1.777, 0.017, 0.017, 1
3, CMM, 1, 21, -0.272, 0.534, 0.534, 1
3, CMM, 4, 21, -1.779, 0.017, 0.017, 0
3, CMM, 3, 21, -1.774, 0.017, 0.017, 0
3, CMM, 2, 22, -1.777, 0.017, 0.017, 1
3, CMM, 1, 22, -0.331, 0.467, 0.467, 1
3, CMM, 3, 22, -1.778, 0.017, 0.017, 1
3, CMM, 4, 22, -1.779, 0.017, 0.017, 1
3, CMM, 2, 23, -1.777, 0.017, 0.017, 0
3, CMM, 4, 23, -1.779, 0.017, 0.017, 1
3, CMM, 1, 23, -0.455, 0.350, 0.350, 1
3, CMM, 3, 23, -1.778, 0.017, 0.017, 1
3, CMM, 4, 24, -1.778, 0.017, 0.017, 1
3, CMM, 2, 24, -1.779, 0.017, 0.017, 1
3, CMM, 1, 24, -0.875, 0.134, 0.133, 1
3, CMM, 3, 24, -1.777, 0.017, 0.017, 1
3, CMM, 1, 25, -1.779, 0.017, 0.017, 1
3, CMM, 3, 25, -1.779, 0.017, 0.017, 1
3, CMM, 2, 25, -1.778, 0.017, 0.017, 1
3, CMM, 4, 25, -1.778, 0.017, 0.017, 1
3, CMM, 1, 26, -1.777, 0.017, 0.017, 1
3, CMM, 2, 26, -1.777, 0.017, 0.017, 1
3, CMM, 3, 26, -1.778, 0.017, 0.017, 1
3, CMM, 4, 26, -1.778, 0.017, 0.017, 1
3, CMM, 4, 27, -1.777, 0.017, 0.017, 1
3, CMM, 1, 27, -1.778, 0.017, 0.017, 0
3, CMM, 3, 27, -1.777, 0.017, 0.017, 0
3, CMM, 2, 27, -1.778, 0.017, 0.017, 1
3, CMM, 3, 28, -1.777, 0.017, 0.017, 1
3, CMM, 2, 28, -1.777, 0.017, 0.017, 1
3, CMM, 1, 28, -1.000, 0.100, 0.100, 1
3, CMM, 4, 28, -1.777, 0.017, 0.017, 0
3, CMM, 1, 29, -1.477, 0.033, 0.033, 1
3, CMM, 3, 29, -1.779, 0.017, 0.017, 1
3, CMM, 4, 29, -1.777, 0.017, 0.017, 0
3, CMM, 2, 29, -1.779, 0.017, 0.017, 1
3, CMM, 3, 30, -1.780, 0.017, 0.017, 0
3, CMM, 4, 30, -1.778, 0.017, 0.017, 0
3, CMM, 2, 30, -1.777, 0.017, 0.017, 1
3, CMM, 1, 30, -1.776, 0.017, 0.017, 0
