person, group, rep, n, t, t1, t2, correct
26, P3, 0, 1, -0.301, 0.458, 0.458, 1
26, P3, 0, 2, -0.301, 0.458, 0.458, 1
26, P3, 0, 3, -0.301, 0.458, 0.458, 1
26, P3, 0, 4, -0.301, 0.458, 0.458, 1
26, P3, 0, 5, -0.301, 0.458, 0.458, 1
26, P3, 0, 6, -0.301, 0.458, 0.458, 1
26, P3, 0, 7, -0.301, 0.458, 0.458, 1
26, P3, 0, 8, -0.301, 0.458, 0.458, 1
26, P3, 0, 9, -0.301, 0.458, 0.458, 1
26, P3, 0, 10, -0.301, 0.458, 0.458, 1
26, P3, 3, 1, -1.176, 0.067, 0.067, 0
26, P3, 4, 1, -2.080, 0.008, 0.008, 0
26, P3, 1, 1, -0.389, 0.408, 0.408, 1
26, P3, 2, 1, -0.737, 0.183, 0.183, 1
26, P3, 3, 2, -0.018, 0.958, 0.958, 1
26, P3, 2, 2, -1.603, 0.025, 0.025, 1
26, P3, 4, 2, -0.602, 0.250, 0.250, 1
26, P3, 1, 2, -1.038, 0.092, 0.092, 1
26, P3, 3, 3, -0.294, 0.508, 0.508, 0
26, P3, 4, 3, -1.038, 0.092, 0.092, 0
26, P3, 2, 3, -2.079, 0.008, 0.008, 0
26, P3, 1, 3, -2.080, 0.008, 0.008, 1
26, P3, 2, 4, -1.125, 0.075, 0.075, 1
26, P3, 3, 4, -0.018, 0.958, 0.958, 1
26, P3, 4, 4, -0.270, 0.541, 0.533, 1
26, P3, 1, 4, -2.080, 0.008, 0.008, 1
26, P3, 4, 5, -0.535, 0.292, 0.292, 1
26, P3, 2, 5, -1.773, 0.025, 0.008, 1
26, P3, 1, 5, -2.105, 0.008, 0.007, 1
26, P3, 3, 5, -0.018, 0.958, 0.958, 1
26, P3, 4, 6, -0.717, 0.192, 0.192, 1
26, P3, 1, 6, -2.079, 0.008, 0.008, 0
26, P3, 2, 6, -2.079, 0.008, 0.008, 1
26, P3, 3, 6, -0.046, 0.900, 0.900, 1
26, P3, 2, 7, -2.079, 0.008, 0.008, 0
26, P3, 1, 7, -2.081, 0.008, 0.008, 0
26, P3, 4, 7, -0.849, 0.142, 0.142, 1
26, P3, 3, 7, -0.135, 0.733, 0.733, 1
26, P3, 2, 8, -2.080, 0.008, 0.008, 0
26, P3, 3, 8, -0.198, 0.633, 0.633, 1
26, P3, 1, 8, -1.176, 0.067, 0.067, 0
26, P3, 4, 8, -0.965, 0.108, 0.108, 1
26, P3, 3, 9, -0.260, 0.550, 0.550, 1
26, P3, 1, 9, -0.171, 0.675, 0.675, 1
26, P3, 2, 9, -2.081, 0.008, 0.008, 0
26, P3, 4, 9, -1.079, 0.083, 0.083, 1
26, P3, 1, 10, -0.517, 0.308, 0.300, 1
26, P3, 3, 10, -0.323, 0.475, 0.475, 0
26, P3, 2, 10, -2.081, 0.008, 0.008, 1
26, P3, 4, 10, -1.234, 0.058, 0.058, 0
26, P3, 3, 11, -0.160, 0.692, 0.692, 1
26, P3, 4, 11, -1.000, 0.100, 0.100, 0
26, P3, 2, 11, -2.079, 0.008, 0.008, 1
26, P3, 1, 11, -0.757, 0.175, 0.175, 1
26, P3, 1, 12, -0.965, 0.108, 0.108, 1
26, P3, 3, 12, -0.198, 0.633, 0.633, 1
26, P3, 4, 12, -0.849, 0.142, 0.142, 1
26, P3, 2, 12, -2.080, 0.008, 0.008, 1
26, P3, 2, 13, -2.080, 0.008, 0.008, 1
26, P3, 3, 13, -0.228, 0.592, 0.592, 1
26, P3, 4, 13, -0.933, 0.117, 0.117, 1
26, P3, 1, 13, -1.125, 0.075, 0.075, 0
26, P3, 1, 14, -0.875, 0.133, 0.133, 1
26, P3, 4, 14, -1.000, 0.100, 0.100, 0
26, P3, 3, 14, -0.253, 0.558, 0.558, 1
26, P3, 2, 14, -2.097, 0.008, 0.008, 1
26, P3, 3, 15, -0.280, 0.525, 0.525, 1
26, P3, 4, 15, -0.903, 0.125, 0.125, 1
26, P3, 2, 15, -2.079, 0.008, 0.008, 0
26, P3, 1, 15, -1.000, 0.100, 0.100, 1
26, P3, 3, 16, -0.294, 0.500, 0.517, 1
26, P3, 1, 16, -1.102, 0.083, 0.075, 1
26, P3, 2, 16, -2.080, 0.008, 0.008, 0
26, P3, 4, 16, -0.965, 0.108, 0.108, 1
26, P3, 2, 17, -2.079, 0.008, 0.008, 0
26, P3, 3, 17, -0.319, 0.467, 0.492, 1
26, P3, 1, 17, -1.179, 0.066, 0.067, 1
26, P3, 4, 17, -1.000, 0.100, 0.100, 1
26, P3, 1, 18, -1.234, 0.058, 0.058, 1
26, P3, 2, 18, -2.080, 0.008, 0.008, 0
26, P3, 4, 18, -1.038, 0.092, 0.092, 1
26, P3, 3, 18, -0.355, 0.442, 0.442, 0
26, P3, 1, 19, -1.301, 0.050, 0.050, 0
26, P3, 2, 19, -2.081, 0.008, 0.008, 0
26, P3, 3, 19, -0.273, 0.533, 0.533, 1
26, P3, 4, 19, -1.019, 0.083, 0.108, 1
26, P3, 2, 20, -1.779, 0.017, 0.017, 1
26, P3, 1, 20, -1.234, 0.058, 0.058, 1
26, P3, 4, 20, -1.038, 0.083, 0.100, 0
26, P3, 3, 20, -0.283, 0.525, 0.517, 1
26, P3, 4, 21, -1.038, 0.092, 0.092, 1
26, P3, 1, 21, -1.234, 0.058, 0.058, 1
26, P3, 3, 21, -0.301, 0.500, 0.500, 1
26, P3, 2, 21, -2.079, 0.008, 0.008, 0
26, P3, 4, 22, -1.079, 0.083, 0.083, 1
26, P3, 2, 22, -2.080, 0.008, 0.008, 1
26, P3, 3, 22, -0.316, 0.483, 0.483, 1
26, P3, 1, 22, -1.301, 0.050, 0.050, 0
26, P3, 2, 23, -2.081, 0.008, 0.008, 0
26, P3, 1, 23, -1.235, 0.058, 0.058, 0
26, P3, 3, 23, -0.331, 0.467, 0.467, 1
26, P3, 4, 23, -1.079, 0.083, 0.083, 1
26, P3, 4, 24, -1.125, 0.075, 0.075, 1
26, P3, 3, 24, -0.347, 0.450, 0.450, 1
26, P3, 1, 24, -1.176, 0.067, 0.067, 0
26, P3, 2, 24, -2.081, 0.008, 0.008, 1
26, P3, 3, 25, -0.363, 0.433, 0.433, 1
26, P3, 2, 25, -2.080, 0.008, 0.008, 1
26, P3, 1, 25, -1.125, 0.075, 0.075, 1
26, P3, 4, 25, -1.125, 0.075, 0.075, 1
26, P3, 3, 26, -0.389, 0.408, 0.408, 1
26, P3, 1, 26, -1.176, 0.067, 0.067, 1
26, P3, 2, 26, -2.080, 0.008, 0.008, 0
26, P3, 4, 26, -1.176, 0.067, 0.067, 0
26, P3, 4, 27, -1.125, 0.075, 0.075, 1
26, P3, 2, 27, -2.080, 0.008, 0.008, 1
26, P3, 1, 27, -1.204, 0.067, 0.058, 0
26, P3, 3, 27, -0.407, 0.392, 0.392, 1
26, P3, 3, 28, -0.446, 0.358, 0.358, 1
26, P3, 1, 28, -1.176, 0.067, 0.067, 1
26, P3, 4, 28, -1.125, 0.075, 0.075, 0
26, P3, 2, 28, -2.079, 0.008, 0.008, 0
26, P3, 1, 29, -1.176, 0.067, 0.067, 1
26, P3, 4, 29, -1.125, 0.075, 0.075, 1
26, P3, 2, 29, -2.079, 0.008, 0.008, 1
26, P3, 3, 29, -0.511, 0.308, 0.308, 1
26, P3, 4, 30, -1.125, 0.075, 0.075, 1
26, P3, 1, 30, -1.234, 0.058, 0.058, 0
26, P3, 2, 30, -2.078, 0.008, 0.008, 1
26, P3, 3, 30, -0.681, 0.208, 0.208, 1
