person, group, rep, n, t, t1, t2, correct
4, CMM, 0, 1, -0.301, 0.451, 0.453, 1
4, CMM, 0, 2, -0.301, 0.455, 0.455, 1
4, CMM, 0, 3, -0.301, 0.451, 0.456, 1
4, CMM, 0, 4, -0.301, 0.451, 0.451, 1
4, CMM, 0, 5, -0.301, 0.451, 0.451, 1
4, CMM, 0, 6, -0.301, 0.451, 0.455, 1
4, CMM, 0, 7, -0.301, 0.451, 0.455, 0
4, CMM, 0, 8, -0.301, 0.455, 0.455, 1
4, CMM, 0, 9, -0.301, 0.451, 0.451, 1
4, CMM, 0, 10, -0.301, 0.451, 0.455, 1
4, CMM, 2, 1, -0.745, 0.180, 0.180, 1
4, CMM, 1, 1, -0.394, 0.401, 0.405, 1
4, CMM, 3, 1, -1.197, 0.063, 0.064, 1
4, CMM, 4, 1, -2.106, 0.009, 0.007, 0
4, CMM, 1, 2, -1.041, 0.092, 0.089, 1
4, CMM, 4, 2, -0.618, 0.242, 0.239, 1
4, CMM, 2, 2, -1.747, 0.018, 0.018, 0
4, CMM, 3, 2, -2.230, 0.006, 0.006, 0
4, CMM, 2, 3, -0.558, 0.277, 0.277, 1
4, CMM, 1, 3, -2.207, 0.007, 0.006, 0
4, CMM, 3, 3, -1.061, 0.085, 0.089, 1
4, CMM, 4, 3, -1.095, 0.080, 0.080, 0
4, CMM, 1, 4, -1.204, 0.061, 0.064, 1
4, CMM, 2, 4, -0.989, 0.101, 0.104, 0
4, CMM, 3, 4, -2.173, 0.008, 0.006, 0
4, CMM, 4, 4, -0.321, 0.477, 0.479, 1
4, CMM, 1, 5, -2.230, 0.006, 0.006, 1
4, CMM, 4, 5, -0.595, 0.253, 0.255, 1
4, CMM, 2, 5, -0.180, 0.660, 0.661, 1
4, CMM, 3, 5, -1.688, 0.020, 0.021, 0
4, CMM, 1, 6, -2.548, 0.003, 0.003, 1
4, CMM, 4, 6, -0.782, 0.166, 0.165, 0
4, CMM, 2, 6, -0.538, 0.290, 0.290, 1
4, CMM, 3, 6, -0.933, 0.117, 0.117, 0
4, CMM, 3, 7, -0.020, 0.955, 0.955, 1
4, CMM, 4, 7, -0.417, 0.383, 0.382, 1
4, CMM, 2, 7, -0.739, 0.182, 0.182, 1
4, CMM, 1, 7, -2.295, 0.004, 0.006, 1
4, CMM, 2, 8, -0.857, 0.139, 0.139, 1
4, CMM, 3, 8, -0.191, 0.643, 0.644, 1
4, CMM, 4, 8, -0.571, 0.268, 0.269, 0
4, CMM, 1, 8, -2.117, 0.010, 0.006, 0
4, CMM, 3, 9, -0.403, 0.394, 0.397, 1
4, CMM, 4, 9, -0.209, 0.618, 0.618, 1
4, CMM, 1, 9, -1.846, 0.014, 0.014, 0
4, CMM, 2, 9, -0.972, 0.106, 0.108, 0
4, CMM, 3, 10, -0.584, 0.260, 0.261, 1
4, CMM, 1, 10, -1.355, 0.044, 0.044, 1
4, CMM, 2, 10, -0.795, 0.160, 0.161, 1
4, CMM, 4, 10, -0.371, 0.425, 0.425, 1
4, CMM, 3, 11, -0.742, 0.181, 0.181, 1
4, CMM, 4, 11, -0.458, 0.349, 0.347, 1
4, CMM, 2, 11, -0.876, 0.134, 0.132, 1
4, CMM, 1, 11, -2.128, 0.007, 0.007, 1
4, CMM, 2, 12, -0.939, 0.116, 0.114, 0
4, CMM, 1, 12, -2.139, 0.008, 0.006, 1
4, CMM, 3, 12, -0.890, 0.129, 0.129, 1
4, CMM, 4, 12, -0.521, 0.301, 0.301, 1
4, CMM, 1, 13, -2.105, 0.010, 0.006, 0
4, CMM, 4, 13, -0.567, 0.271, 0.271, 1
4, CMM, 2, 13, -0.833, 0.147, 0.147, 1
4, CMM, 3, 13, -1.035, 0.094, 0.090, 1
4, CMM, 1, 14, -2.039, 0.011, 0.007, 1
4, CMM, 2, 14, -0.896, 0.128, 0.126, 1
4, CMM, 3, 14, -1.254, 0.056, 0.056, 1
4, CMM, 4, 14, -0.605, 0.249, 0.247, 1
4, CMM, 2, 15, -0.936, 0.117, 0.115, 1
4, CMM, 1, 15, -2.147, 0.009, 0.006, 1
4, CMM, 3, 15, -1.684, 0.019, 0.022, 1
4, CMM, 4, 15, -0.636, 0.232, 0.231, 1
4, CMM, 4, 16, -0.674, 0.210, 0.214, 0
4, CMM, 1, 16, -2.247, 0.006, 0.006, 0
4, CMM, 2, 16, -0.968, 0.109, 0.106, 1
4, CMM, 3, 16, -1.954, 0.013, 0.009, 1
4, CMM, 2, 17, -1.008, 0.098, 0.098, 0
4, CMM, 4, 17, -0.593, 0.254, 0.256, 0
4, CMM, 3, 17, -2.196, 0.005, 0.008, 1
4, CMM, 1, 17, -2.267, 0.005, 0.006, 1
4, CMM, 3, 18, -2.194, 0.007, 0.006, 0
4, CMM, 4, 18, -0.525, 0.299, 0.299, 1
4, CMM, 2, 18, -0.957, 0.111, 0.109, 1
4, CMM, 1, 18, -2.122, 0.009, 0.006, 0
4, CMM, 2, 19, -0.990, 0.102, 0.103, 1
4, CMM, 4, 19, -0.554, 0.279, 0.279, 1
4, CMM, 3, 19, -2.077, 0.011, 0.006, 1
4, CMM, 1, 19, -2.039, 0.006, 0.012, 0
4, CMM, 1, 20, -2.062, 0.009, 0.009, 0
4, CMM, 2, 20, -1.012, 0.097, 0.097, 1
4, CMM, 3, 20, -2.146, 0.009, 0.006, 0
4, CMM, 4, 20, -0.577, 0.265, 0.264, 1
4, CMM, 4, 21, -0.599, 0.252, 0.252, 1
4, CMM, 2, 21, -1.028, 0.092, 0.096, 1
4, CMM, 1, 21, -1.973, 0.011, 0.011, 0
4, CMM, 3, 21, -2.116, 0.009, 0.006, 1
4, CMM, 1, 22, -1.815, 0.017, 0.014, 1
4, CMM, 2, 22, -1.050, 0.087, 0.091, 1
4, CMM, 4, 22, -0.616, 0.243, 0.242, 1
4, CMM, 3, 22, -2.117, 0.009, 0.006, 0
4, CMM, 1, 23, -2.053, 0.010, 0.007, 0
4, CMM, 3, 23, -2.085, 0.010, 0.007, 0
4, CMM, 4, 23, -0.630, 0.232, 0.236, 1
4, CMM, 2, 23, -1.067, 0.083, 0.088, 1
4, CMM, 3, 24, -2.015, 0.008, 0.011, 0
4, CMM, 4, 24, -0.649, 0.224, 0.224, 1
4, CMM, 2, 24, -1.091, 0.081, 0.081, 1
4, CMM, 1, 24, -1.999, 0.009, 0.011, 0
4, CMM, 3, 25, -1.965, 0.011, 0.011, 1
4, CMM, 2, 25, -1.119, 0.076, 0.076, 1
4, CMM, 1, 25, -1.952, 0.011, 0.011, 1
4, CMM, 4, 25, -0.664, 0.217, 0.217, 1
4, CMM, 3, 26, -2.019, 0.008, 0.011, 1
4, CMM, 1, 26, -2.080, 0.008, 0.008, 0
4, CMM, 2, 26, -1.141, 0.072, 0.072, 1
4, CMM, 4, 26, -0.674, 0.211, 0.213, 1
4, CMM, 1, 27, -1.875, 0.013, 0.013, 1
4, CMM, 2, 27, -1.151, 0.069, 0.072, 0
4, CMM, 3, 27, -2.056, 0.006, 0.011, 0
4, CMM, 4, 27, -0.693, 0.203, 0.203, 1
4, CMM, 3, 28, -2.009, 0.009, 0.011, 0
4, CMM, 1, 28, -2.289, 0.005, 0.005, 1
4, CMM, 2, 28, -1.102, 0.078, 0.080, 1
4, CMM, 4, 28, -0.702, 0.200, 0.197, 1
4, CMM, 4, 29, -0.723, 0.189, 0.189, 1
4, CMM, 2, 29, -1.131, 0.075, 0.073, 0
4, CMM, 3, 29, -1.910, 0.011, 0.013, 1
4, CMM, 1, 29, -2.093, 0.011, 0.005, 1
4, CMM, 4, 30, -0.737, 0.184, 0.183, 1
4, CMM, 3, 30, -2.118, 0.008, 0.007, 1
4, CMM, 1, 30, -2.098, 0.011, 0.005, 1
4, CMM, 2, 30, -1.110, 0.078, 0.078, 1
4, CMM, 2, 31, -1.118, 0.075, 0.077, 1
4, CMM, 1, 31, -2.140, 0.009, 0.005, 1
4, CMM, 4, 31, -0.754, 0.175, 0.178, 1
4, CMM, 3, 31, -2.052, 0.007, 0.011, 1
4, CMM, 3, 32, -2.085, 0.011, 0.005, 0
4, CMM, 2, 32, -1.135, 0.072, 0.074, 0
4, CMM, 1, 32, -2.091, 0.011, 0.005, 0
4, CMM, 4, 32, -0.777, 0.167, 0.167, 1
4, CMM, 4, 33, -0.801, 0.158, 0.158, 1
4, CMM, 3, 33, -2.062, 0.011, 0.006, 0
4, CMM, 2, 33, -1.103, 0.078, 0.080, 1
4, CMM, 1, 33, -2.135, 0.009, 0.005, 1
4, CMM, 4, 34, -0.827, 0.150, 0.147, 1
4, CMM, 2, 34, -1.127, 0.076, 0.074, 1
4, CMM, 1, 34, -2.540, 0.003, 0.003, 1
4, CMM, 3, 34, -2.092, 0.008, 0.008, 1
4, CMM, 4, 35, -0.865, 0.135, 0.138, 1
4, CMM, 3, 35, -2.156, 0.007, 0.007, 1
4, CMM, 1, 35, -2.103, 0.011, 0.005, 0
4, CMM, 2, 35, -1.135, 0.075, 0.072, 1
4, CMM, 4, 36, -0.924, 0.119, 0.119, 1
4, CMM, 1, 36, -2.136, 0.009, 0.005, 1
4, CMM, 3, 36, -2.103, 0.010, 0.006, 1
4, CMM, 2, 36, -1.160, 0.069, 0.069, 0
4, CMM, 2, 37, -1.143, 0.072, 0.072, 1
4, CMM, 3, 37, -2.125, 0.009, 0.006, 1
4, CMM, 4, 37, -0.993, 0.100, 0.103, 1
4, CMM, 1, 37, -2.276, 0.005, 0.005, 0
4, CMM, 1, 38, -2.086, 0.011, 0.005, 1
4, CMM, 3, 38, -2.258, 0.006, 0.005, 0
4, CMM, 2, 38, -1.151, 0.070, 0.071, 1
4, CMM, 4, 38, -1.098, 0.079, 0.080, 1
4, CMM, 2, 39, -1.156, 0.068, 0.072, 1
4, CMM, 3, 39, -2.148, 0.009, 0.005, 0
4, CMM, 1, 39, -2.285, 0.003, 0.007, 1
4, CMM, 4, 39, -1.253, 0.056, 0.055, 1
4, CMM, 4, 40, -1.479, 0.033, 0.033, 1
4, CMM, 2, 40, -1.169, 0.070, 0.066, 0
4, CMM, 1, 40, -2.199, 0.007, 0.005, 1
4, CMM, 3, 40, -2.122, 0.010, 0.006, 0
