person, group, rep, n, t, t1, t2, correct
4, P2, 0, 1, -0.301, 0.454, 0.455, 1
4, P2, 0, 2, -0.301, 0.451, 0.451, 1
4, P2, 0, 3, -0.301, 0.451, 0.451, 1
4, P2, 0, 4, -0.301, 0.451, 0.452, 1
4, P2, 0, 5, -0.301, 0.451, 0.453, 1
4, P2, 0, 6, -0.301, 0.455, 0.451, 1
4, P2, 0, 7, -0.301, 0.451, 0.451, 1
4, P2, 0, 8, -0.301, 0.451, 0.451, 1
4, P2, 0, 9, -0.301, 0.451, 0.455, 1
4, P2, 0, 10, -0.301, 0.454, 0.455, 1
4, P2, 2, 1, -0.750, 0.176, 0.180, 0
4, P2, 1, 1, -0.392, 0.405, 0.405, 0
4, P2, 3, 1, -1.198, 0.063, 0.063, 0
4, P2, 4, 1, -2.094, 0.009, 0.007, 1
4, P2, 1, 2, -0.021, 0.951, 0.954, 0
4, P2, 4, 2, -2.202, 0.007, 0.006, 0
4, P2, 2, 2, -0.021, 0.951, 0.953, 0
4, P2, 3, 2, -0.021, 0.954, 0.951, 1
4, P2, 2, 3, -0.021, 0.951, 0.952, 0
4, P2, 1, 3, -0.022, 0.951, 0.951, 0
4, P2, 3, 3, -0.305, 0.495, 0.497, 1
4, P2, 4, 3, -0.832, 0.146, 0.149, 0
4, P2, 1, 4, -0.022, 0.951, 0.951, 1
4, P2, 2, 4, -0.021, 0.952, 0.955, 1
4, P2, 3, 4, -0.553, 0.280, 0.280, 0
4, P2, 4, 4, -0.021, 0.951, 0.955, 1
4, P2, 1, 5, -0.021, 0.952, 0.955, 0
4, P2, 4, 5, -0.183, 0.657, 0.655, 1
4, P2, 2, 5, -0.020, 0.954, 0.955, 1
4, P2, 3, 5, -0.043, 0.907, 0.905, 0
4, P2, 1, 6, -0.021, 0.951, 0.952, 1
4, P2, 4, 6, -0.357, 0.440, 0.440, 0
4, P2, 2, 6, -0.022, 0.951, 0.951, 1
4, P2, 3, 6, -0.021, 0.953, 0.951, 1
4, P2, 3, 7, -0.022, 0.951, 0.951, 1
4, P2, 4, 7, -0.021, 0.951, 0.954, 1
4, P2, 2, 7, -0.021, 0.952, 0.955, 0
4, P2, 1, 7, -0.021, 0.953, 0.951, 1
4, P2, 2, 8, -0.022, 0.951, 0.951, 1
4, P2, 3, 8, -0.021, 0.951, 0.952, 1
4, P2, 4, 8, -0.093, 0.805, 0.807, 1
4, P2, 1, 8, -0.021, 0.951, 0.953, 1
4, P2, 3, 9, -0.022, 0.951, 0.951, 0
4, P2, 4, 9, -0.176, 0.668, 0.667, 1
4, P2, 1, 9, -0.021, 0.951, 0.955, 0
4, P2, 2, 9, -0.020, 0.954, 0.955, 0
4, P2, 3, 10, -0.021, 0.951, 0.955, 1
4, P2, 1, 10, -0.021, 0.953, 0.951, 0
4, P2, 2, 10, -0.022, 0.951, 0.951, 1
4, P2, 4, 10, -0.234, 0.582, 0.586, 1
4, P2, 3, 11, -0.021, 0.953, 0.951, 1
4, P2, 4, 11, -0.284, 0.520, 0.520, 0
4, P2, 2, 11, -0.022, 0.951, 0.951, 1
4, P2, 1, 11, -0.020, 0.954, 0.955, 0
4, P2, 2, 12, -0.022, 0.951, 0.951, 0
4, P2, 1, 12, -0.022, 0.951, 0.951, 1
4, P2, 3, 12, -0.022, 0.951, 0.951, 0
4, P2, 4, 12, -0.149, 0.710, 0.710, 1
4, P2, 1, 13, -0.020, 0.954, 0.955, 1
4, P2, 4, 13, -0.190, 0.646, 0.646, 0
4, P2, 2, 13, -0.020, 0.955, 0.955, 1
4, P2, 3, 13, -0.020, 0.954, 0.955, 1
4, P2, 1, 14, -0.021, 0.951, 0.954, 1
4, P2, 2, 14, -0.021, 0.951, 0.955, 1
4, P2, 3, 14, -0.021, 0.951, 0.955, 1
4, P2, 4, 14, -0.064, 0.864, 0.863, 1
4, P2, 2, 15, -0.021, 0.951, 0.952, 1
4, P2, 1, 15, -0.021, 0.952, 0.955, 1
4, P2, 3, 15, -0.020, 0.955, 0.955, 1
4, P2, 4, 15, -0.111, 0.774, 0.774, 1
4, P2, 4, 16, -0.141, 0.722, 0.722, 1
4, P2, 1, 16, -0.022, 0.951, 0.951, 1
4, P2, 2, 16, -0.021, 0.951, 0.954, 0
4, P2, 3, 16, -0.020, 0.955, 0.955, 1
4, P2, 2, 17, -0.022, 0.951, 0.951, 0
4, P2, 4, 17, -0.167, 0.681, 0.682, 1
4, P2, 3, 17, -0.021, 0.951, 0.953, 0
4, P2, 1, 17, -0.022, 0.951, 0.951, 1
4, P2, 3, 18, -0.020, 0.955, 0.955, 1
4, P2, 4, 18, -0.187, 0.650, 0.650, 1
4, P2, 2, 18, -0.020, 0.954, 0.955, 0
4, P2, 1, 18, -0.021, 0.951, 0.952, 0
4, P2, 2, 19, -0.021, 0.951, 0.952, 1
4, P2, 4, 19, -0.204, 0.625, 0.626, 1
4, P2, 3, 19, -0.021, 0.952, 0.955, 0
4, P2, 1, 19, -0.020, 0.955, 0.955, 1
4, P2, 1, 20, -0.021, 0.951, 0.953, 0
4, P2, 2, 20, -0.021, 0.951, 0.952, 0
4, P2, 3, 20, -0.020, 0.954, 0.955, 0
4, P2, 4, 20, -0.218, 0.603, 0.608, 0
4, P2, 4, 21, -0.169, 0.676, 0.680, 1
4, P2, 2, 21, -0.022, 0.951, 0.951, 0
4, P2, 1, 21, -0.021, 0.955, 0.951, 0
4, P2, 3, 21, -0.021, 0.951, 0.954, 1
4, P2, 1, 22, -0.021, 0.951, 0.954, 1
4, P2, 2, 22, -0.022, 0.951, 0.951, 1
4, P2, 4, 22, -0.184, 0.655, 0.654, 0
4, P2, 3, 22, -0.021, 0.951, 0.953, 0
4, P2, 1, 23, -0.021, 0.951, 0.955, 0
4, P2, 3, 23, -0.022, 0.951, 0.951, 0
4, P2, 4, 23, -0.139, 0.727, 0.725, 1
4, P2, 2, 23, -0.021, 0.951, 0.955, 1
4, P2, 3, 24, -0.020, 0.953, 0.955, 1
4, P2, 4, 24, -0.154, 0.701, 0.703, 0
4, P2, 2, 24, -0.022, 0.951, 0.951, 1
4, P2, 1, 24, -0.020, 0.954, 0.955, 1
4, P2, 3, 25, -0.021, 0.953, 0.955, 1
4, P2, 2, 25, -0.020, 0.954, 0.955, 1
4, P2, 1, 25, -0.021, 0.952, 0.951, 1
4, P2, 4, 25, -0.109, 0.778, 0.778, 0
4, P2, 3, 26, -0.021, 0.951, 0.954, 1
4, P2, 1, 26, -0.021, 0.951, 0.953, 1
4, P2, 2, 26, -0.021, 0.953, 0.955, 0
4, P2, 4, 26, -0.040, 0.911, 0.913, 1
4, P2, 1, 27, -0.021, 0.952, 0.955, 1
4, P2, 2, 27, -0.021, 0.951, 0.955, 0
4, P2, 3, 27, -0.021, 0.951, 0.955, 1
4, P2, 4, 27, -0.068, 0.857, 0.855, 1
4, P2, 3, 28, -0.021, 0.951, 0.955, 0
4, P2, 1, 28, -0.021, 0.952, 0.955, 0
4, P2, 2, 28, -0.021, 0.951, 0.953, 1
4, P2, 4, 28, -0.086, 0.819, 0.822, 1
4, P2, 4, 29, -0.101, 0.794, 0.791, 1
4, P2, 2, 29, -0.021, 0.951, 0.955, 0
4, P2, 3, 29, -0.021, 0.951, 0.953, 1
4, P2, 1, 29, -0.021, 0.951, 0.952, 1
4, P2, 4, 30, -0.113, 0.770, 0.771, 1
4, P2, 3, 30, -0.021, 0.953, 0.951, 1
4, P2, 1, 30, -0.021, 0.952, 0.955, 1
4, P2, 2, 30, -0.021, 0.955, 0.951, 1
4, P2, 2, 31, -0.022, 0.951, 0.951, 1
4, P2, 1, 31, -0.021, 0.953, 0.955, 0
4, P2, 4, 31, -0.123, 0.752, 0.755, 0
4, P2, 3, 31, -0.021, 0.951, 0.952, 1
4, P2, 3, 32, -0.021, 0.955, 0.951, 1
4, P2, 2, 32, -0.021, 0.951, 0.952, 1
4, P2, 1, 32, -0.021, 0.952, 0.955, 1
4, P2, 4, 32, -0.090, 0.811, 0.813, 1
4, P2, 4, 33, -0.101, 0.794, 0.791, 1
4, P2, 3, 33, -0.022, 0.951, 0.951, 0
4, P2, 2, 33, -0.021, 0.952, 0.955, 1
4, P2, 1, 33, -0.022, 0.951, 0.951, 0
4, P2, 4, 34, -0.110, 0.774, 0.778, 1
4, P2, 2, 34, -0.021, 0.951, 0.954, 0
4, P2, 1, 34, -0.021, 0.953, 0.955, 0
4, P2, 3, 34, -0.022, 0.951, 0.951, 1
4, P2, 4, 35, -0.119, 0.759, 0.761, 1
4, P2, 3, 35, -0.020, 0.953, 0.955, 0
4, P2, 1, 35, -0.021, 0.952, 0.955, 1
4, P2, 2, 35, -0.022, 0.951, 0.951, 0
4, P2, 4, 36, -0.126, 0.750, 0.747, 1
4, P2, 1, 36, -0.020, 0.953, 0.955, 0
4, P2, 3, 36, -0.021, 0.955, 0.951, 1
4, P2, 2, 36, -0.021, 0.951, 0.953, 1
4, P2, 2, 37, -0.021, 0.951, 0.954, 0
4, P2, 3, 37, -0.021, 0.951, 0.952, 0
4, P2, 4, 37, -0.134, 0.735, 0.736, 1
4, P2, 1, 37, -0.021, 0.952, 0.955, 1
4, P2, 1, 38, -0.021, 0.951, 0.954, 1
4, P2, 3, 38, -0.021, 0.952, 0.955, 0
4, P2, 2, 38, -0.021, 0.951, 0.954, 1
4, P2, 4, 38, -0.140, 0.724, 0.724, 1
4, P2, 2, 39, -0.021, 0.952, 0.955, 0
4, P2, 3, 39, -0.021, 0.951, 0.952, 1
4, P2, 1, 39, -0.022, 0.951, 0.951, 1
4, P2, 4, 39, -0.146, 0.714, 0.714, 1
4, P2, 4, 40, -0.151, 0.707, 0.705, 1
4, P2, 2, 40, -0.022, 0.951, 0.951, 1
4, P2, 1, 40, -0.022, 0.951, 0.951, 1
4, P2, 3, 40, -0.022, 0.951, 0.951, 1
