person, group, rep, n, t, t1, t2, correct
4, P4G, 0, 1, -0.301, 0.453, 0.453, 1
4, P4G, 0, 2, -0.301, 0.454, 0.455, 1
4, P4G, 0, 3, -0.301, 0.455, 0.455, 1
4, P4G, 0, 4, -0.301, 0.451, 0.451, 1
4, P4G, 0, 5, -0.301, 0.451, 0.451, 1
4, P4G, 0, 6, -0.301, 0.451, 0.455, 1
4, P4G, 0, 7, -0.301, 0.451, 0.451, 1
4, P4G, 0, 8, -0.301, 0.451, 0.455, 1
4, P4G, 0, 9, -0.301, 0.451, 0.451, 1
4, P4G, 0, 10, -0.301, 0.451, 0.451, 1
4, P4G, 2, 1, -0.752, 0.176, 0.178, 1
4, P4G, 1, 1, -0.396, 0.401, 0.403, 1
4, P4G, 3, 1, -1.197, 0.063, 0.064, 1
4, P4G, 4, 1, -2.040, 0.007, 0.011, 0
4, P4G, 1, 2, -1.050, 0.089, 0.089, 1
4, P4G, 4, 2, -0.591, 0.256, 0.256, 1
4, P4G, 2, 2, -1.715, 0.018, 0.021, 0
4, P4G, 3, 2, -2.246, 0.006, 0.006, 0
4, P4G, 2, 3, -0.528, 0.294, 0.299, 1
4, P4G, 1, 3, -2.274, 0.005, 0.006, 0
4, P4G, 3, 3, -1.077, 0.085, 0.083, 1
4, P4G, 4, 3, -1.048, 0.090, 0.089, 1
4, P4G, 1, 4, -1.271, 0.054, 0.054, 1
4, P4G, 2, 4, -0.977, 0.105, 0.105, 1
4, P4G, 3, 4, -2.153, 0.008, 0.006, 0
4, P4G, 4, 4, -1.646, 0.021, 0.024, 1
4, P4G, 1, 5, -2.275, 0.005, 0.006, 1
4, P4G, 4, 5, -2.040, 0.013, 0.005, 0
4, P4G, 2, 5, -1.355, 0.044, 0.045, 1
4, P4G, 3, 5, -1.681, 0.021, 0.021, 0
4, P4G, 1, 6, -2.218, 0.006, 0.006, 1
4, P4G, 4, 6, -1.752, 0.019, 0.016, 0
4, P4G, 2, 6, -1.871, 0.013, 0.014, 1
4, P4G, 3, 6, -0.921, 0.118, 0.121, 1
4, P4G, 3, 7, -1.490, 0.034, 0.031, 1
4, P4G, 4, 7, -1.256, 0.055, 0.056, 0
4, P4G, 2, 7, -2.131, 0.009, 0.006, 0
4, P4G, 1, 7, -2.066, 0.011, 0.006, 1
4, P4G, 2, 8, -1.726, 0.018, 0.020, 1
4, P4G, 3, 8, -1.955, 0.011, 0.011, 0
4, P4G, 4, 8, -0.629, 0.236, 0.234, 1
4, P4G, 1, 8, -2.158, 0.008, 0.006, 0
4, P4G, 3, 9, -1.819, 0.016, 0.015, 0
4, P4G, 4, 9, -0.897, 0.128, 0.126, 1
4, P4G, 1, 9, -2.212, 0.006, 0.006, 0
4, P4G, 2, 9, -2.115, 0.010, 0.006, 0
4, P4G, 3, 10, -1.681, 0.021, 0.021, 0
4, P4G, 1, 10, -2.080, 0.011, 0.006, 1
4, P4G, 2, 10, -1.964, 0.011, 0.011, 0
4, P4G, 4, 10, -1.113, 0.077, 0.078, 0
4, P4G, 3, 11, -1.492, 0.032, 0.032, 1
4, P4G, 4, 11, -0.829, 0.148, 0.148, 1
4, P4G, 2, 11, -1.764, 0.018, 0.016, 0
4, P4G, 1, 11, -2.078, 0.011, 0.006, 1
4, P4G, 2, 12, -1.514, 0.031, 0.031, 1
4, P4G, 1, 12, -2.272, 0.005, 0.006, 1
4, P4G, 3, 12, -1.803, 0.016, 0.015, 0
4, P4G, 4, 12, -0.978, 0.103, 0.107, 1
4, P4G, 1, 13, -2.106, 0.010, 0.006, 0
4, P4G, 4, 13, -1.091, 0.079, 0.083, 1
4, P4G, 2, 13, -1.938, 0.010, 0.013, 1
4, P4G, 3, 13, -1.719, 0.019, 0.019, 0
4, P4G, 1, 14, -2.071, 0.011, 0.006, 1
4, P4G, 2, 14, -2.119, 0.008, 0.007, 1
4, P4G, 3, 14, -1.597, 0.025, 0.025, 0
4, P4G, 4, 14, -1.179, 0.067, 0.065, 1
4, P4G, 2, 15, -2.169, 0.007, 0.007, 0
4, P4G, 1, 15, -2.143, 0.009, 0.006, 0
4, P4G, 3, 15, -1.375, 0.043, 0.041, 1
4, P4G, 4, 15, -1.255, 0.056, 0.056, 1
4, P4G, 4, 16, -1.312, 0.048, 0.049, 0
4, P4G, 1, 16, -2.196, 0.007, 0.006, 0
4, P4G, 2, 16, -2.141, 0.007, 0.007, 1
4, P4G, 3, 16, -1.680, 0.019, 0.023, 1
4, P4G, 2, 17, -2.106, 0.009, 0.007, 0
4, P4G, 4, 17, -1.224, 0.061, 0.058, 0
4, P4G, 3, 17, -1.795, 0.018, 0.014, 1
4, P4G, 1, 17, -2.078, 0.011, 0.006, 1
4, P4G, 3, 18, -1.921, 0.012, 0.012, 0
4, P4G, 4, 18, -1.157, 0.069, 0.070, 0
4, P4G, 2, 18, -2.128, 0.007, 0.007, 1
4, P4G, 1, 18, -2.118, 0.009, 0.006, 0
4, P4G, 2, 19, -2.082, 0.010, 0.007, 1
4, P4G, 4, 19, -1.050, 0.089, 0.089, 0
4, P4G, 3, 19, -1.842, 0.013, 0.016, 1
4, P4G, 1, 19, -2.079, 0.011, 0.006, 0
4, P4G, 1, 20, -1.866, 0.014, 0.014, 0
4, P4G, 2, 20, -2.198, 0.006, 0.006, 0
4, P4G, 3, 20, -1.842, 0.015, 0.014, 0
4, P4G, 4, 20, -0.925, 0.118, 0.119, 1
4, P4G, 4, 21, -1.013, 0.097, 0.097, 1
4, P4G, 2, 21, -2.190, 0.006, 0.007, 1
4, P4G, 1, 21, -1.365, 0.044, 0.042, 0
4, P4G, 3, 21, -1.888, 0.013, 0.013, 1
4, P4G, 1, 22, -0.518, 0.303, 0.304, 1
4, P4G, 2, 22, -2.175, 0.007, 0.006, 1
4, P4G, 4, 22, -1.085, 0.082, 0.083, 0
4, P4G, 3, 22, -1.824, 0.016, 0.014, 0
4, P4G, 1, 23, -0.894, 0.127, 0.128, 0
4, P4G, 3, 23, -1.863, 0.014, 0.014, 0
4, P4G, 4, 23, -1.005, 0.099, 0.098, 1
4, P4G, 2, 23, -2.175, 0.008, 0.006, 1
4, P4G, 3, 24, -1.780, 0.018, 0.015, 0
4, P4G, 4, 24, -1.061, 0.085, 0.089, 0
4, P4G, 2, 24, -2.180, 0.008, 0.006, 0
4, P4G, 1, 24, -0.143, 0.718, 0.721, 1
4, P4G, 3, 25, -1.716, 0.021, 0.017, 1
4, P4G, 2, 25, -2.081, 0.011, 0.006, 1
4, P4G, 1, 25, -0.468, 0.340, 0.340, 1
4, P4G, 4, 25, -0.988, 0.102, 0.103, 1
4, P4G, 3, 26, -1.806, 0.017, 0.014, 1
4, P4G, 1, 26, -0.626, 0.235, 0.239, 1
4, P4G, 2, 26, -2.212, 0.006, 0.006, 1
4, P4G, 4, 26, -1.046, 0.089, 0.091, 1
4, P4G, 1, 27, -0.740, 0.183, 0.181, 0
4, P4G, 2, 27, -2.082, 0.011, 0.005, 0
4, P4G, 3, 27, -1.837, 0.015, 0.014, 1
4, P4G, 4, 27, -1.082, 0.085, 0.081, 1
4, P4G, 3, 28, -1.845, 0.015, 0.014, 1
4, P4G, 1, 28, -0.512, 0.308, 0.308, 1
4, P4G, 2, 28, -2.126, 0.009, 0.006, 0
4, P4G, 4, 28, -1.118, 0.075, 0.078, 1
4, P4G, 4, 29, -1.143, 0.072, 0.072, 1
4, P4G, 2, 29, -2.211, 0.006, 0.006, 0
4, P4G, 3, 29, -1.872, 0.013, 0.014, 0
4, P4G, 1, 29, -0.603, 0.251, 0.247, 1
4, P4G, 4, 30, -1.173, 0.068, 0.066, 1
4, P4G, 3, 30, -1.855, 0.014, 0.013, 1
4, P4G, 1, 30, -0.669, 0.214, 0.214, 1
4, P4G, 2, 30, -2.063, 0.011, 0.006, 0
4, P4G, 2, 31, -2.042, 0.011, 0.008, 1
4, P4G, 1, 31, -0.717, 0.192, 0.192, 1
4, P4G, 4, 31, -1.181, 0.068, 0.064, 1
4, P4G, 3, 31, -1.984, 0.010, 0.011, 1
4, P4G, 3, 32, -2.050, 0.009, 0.009, 0
4, P4G, 2, 32, -2.072, 0.010, 0.007, 0
4, P4G, 1, 32, -0.759, 0.175, 0.174, 1
4, P4G, 4, 32, -1.194, 0.064, 0.064, 0
4, P4G, 4, 33, -1.189, 0.065, 0.065, 1
4, P4G, 3, 33, -1.872, 0.013, 0.014, 0
4, P4G, 2, 33, -2.032, 0.011, 0.008, 1
4, P4G, 1, 33, -0.794, 0.158, 0.163, 1
4, P4G, 4, 34, -1.205, 0.062, 0.063, 0
4, P4G, 2, 34, -2.060, 0.006, 0.011, 0
4, P4G, 1, 34, -0.841, 0.144, 0.144, 1
4, P4G, 3, 34, -1.991, 0.010, 0.010, 1
4, P4G, 4, 35, -1.172, 0.065, 0.069, 0
4, P4G, 3, 35, -1.942, 0.010, 0.013, 1
4, P4G, 1, 35, -0.881, 0.130, 0.132, 1
4, P4G, 2, 35, -2.069, 0.010, 0.008, 0
4, P4G, 4, 36, -1.151, 0.070, 0.072, 0
4, P4G, 1, 36, -0.931, 0.115, 0.119, 0
4, P4G, 3, 36, -2.034, 0.009, 0.009, 0
4, P4G, 2, 36, -2.095, 0.008, 0.008, 1
4, P4G, 2, 37, -2.134, 0.007, 0.007, 1
4, P4G, 3, 37, -1.911, 0.011, 0.014, 1
4, P4G, 4, 37, -1.119, 0.074, 0.078, 1
4, P4G, 1, 37, -0.832, 0.146, 0.149, 1
4, P4G, 1, 38, -0.863, 0.136, 0.139, 1
4, P4G, 3, 38, -2.059, 0.009, 0.009, 0
4, P4G, 2, 38, -2.054, 0.011, 0.007, 0
4, P4G, 4, 38, -1.151, 0.070, 0.071, 0
4, P4G, 2, 39, -2.098, 0.008, 0.008, 1
4, P4G, 3, 39, -2.053, 0.009, 0.009, 0
4, P4G, 1, 39, -0.896, 0.126, 0.128, 1
4, P4G, 4, 39, -1.121, 0.077, 0.075, 1
4, P4G, 4, 40, -1.142, 0.072, 0.072, 0
4, P4G, 2, 40, -2.034, 0.008, 0.011, 0
4, P4G, 1, 40, -0.932, 0.117, 0.117, 1
4, P4G, 3, 40, -1.991, 0.009, 0.011, 0
