person, group, rep, n, t, t1, t2, correct
4, PGG, 0, 1, -0.301, 0.451, 0.454, 1
4, PGG, 0, 2, -0.301, 0.451, 0.452, 1
4, PGG, 0, 3, -0.301, 0.451, 0.455, 1
4, PGG, 0, 4, -0.301, 0.452, 0.451, 0
4, PGG, 0, 5, -0.301, 0.452, 0.455, 1
4, PGG, 0, 6, -0.301, 0.451, 0.455, 1
4, PGG, 0, 7, -0.301, 0.452, 0.455, 1
4, PGG, 0, 8, -0.301, 0.452, 0.455, 1
4, PGG, 0, 9, -0.301, 0.454, 0.455, 1
4, PGG, 0, 10, -0.301, 0.451, 0.451, 1
4, PGG, 2, 1, -0.754, 0.176, 0.176, 1
4, PGG, 1, 1, -0.396, 0.402, 0.402, 1
4, PGG, 3, 1, -1.198, 0.063, 0.063, 1
4, PGG, 4, 1, -2.019, 0.007, 0.012, 0
4, PGG, 1, 2, -1.045, 0.091, 0.089, 1
4, PGG, 4, 2, -0.574, 0.265, 0.269, 1
4, PGG, 2, 2, -1.757, 0.018, 0.017, 0
4, PGG, 3, 2, -2.280, 0.003, 0.008, 0
4, PGG, 2, 3, -0.560, 0.277, 0.274, 1
4, PGG, 1, 3, -2.090, 0.011, 0.005, 0
4, PGG, 3, 3, -1.126, 0.075, 0.075, 1
4, PGG, 4, 3, -1.025, 0.094, 0.095, 0
4, PGG, 1, 4, -1.113, 0.077, 0.077, 0
4, PGG, 2, 4, -1.002, 0.101, 0.098, 0
4, PGG, 3, 4, -2.082, 0.011, 0.006, 0
4, PGG, 4, 4, -0.270, 0.537, 0.537, 1
4, PGG, 1, 5, -0.091, 0.811, 0.811, 1
4, PGG, 4, 5, -0.528, 0.296, 0.297, 0
4, PGG, 2, 5, -0.185, 0.653, 0.653, 0
4, PGG, 3, 5, -1.598, 0.027, 0.023, 0
4, PGG, 1, 6, -0.462, 0.345, 0.346, 1
4, PGG, 4, 6, -0.021, 0.952, 0.955, 0
4, PGG, 2, 6, -0.022, 0.951, 0.951, 0
4, PGG, 3, 6, -0.728, 0.185, 0.189, 0
4, PGG, 3, 7, -0.021, 0.951, 0.955, 1
4, PGG, 4, 7, -0.022, 0.951, 0.951, 1
4, PGG, 2, 7, -0.021, 0.951, 0.954, 0
4, PGG, 1, 7, -0.691, 0.204, 0.204, 1
4, PGG, 2, 8, -0.021, 0.951, 0.952, 1
4, PGG, 3, 8, -0.050, 0.892, 0.889, 0
4, PGG, 4, 8, -0.021, 0.952, 0.955, 0
4, PGG, 1, 8, -0.883, 0.131, 0.131, 1
4, PGG, 3, 9, -0.021, 0.951, 0.955, 0
4, PGG, 4, 9, -0.021, 0.951, 0.952, 1
4, PGG, 1, 9, -1.046, 0.091, 0.089, 1
4, PGG, 2, 9, -0.021, 0.951, 0.952, 0
4, PGG, 3, 10, -0.021, 0.951, 0.952, 1
4, PGG, 1, 10, -1.212, 0.060, 0.063, 1
4, PGG, 2, 10, -0.021, 0.951, 0.954, 0
4, PGG, 4, 10, -0.021, 0.951, 0.955, 1
4, PGG, 3, 11, -0.022, 0.951, 0.951, 0
4, PGG, 4, 11, -0.020, 0.955, 0.955, 1
4, PGG, 2, 11, -0.022, 0.951, 0.951, 0
4, PGG, 1, 11, -1.382, 0.043, 0.040, 1
4, PGG, 2, 12, -0.021, 0.951, 0.952, 0
4, PGG, 1, 12, -1.699, 0.019, 0.021, 1
4, PGG, 3, 12, -0.022, 0.951, 0.951, 0
4, PGG, 4, 12, -0.020, 0.954, 0.955, 1
4, PGG, 1, 13, -2.165, 0.008, 0.006, 0
4, PGG, 4, 13, -0.022, 0.951, 0.951, 1
4, PGG, 2, 13, -0.021, 0.952, 0.951, 1
4, PGG, 3, 13, -0.021, 0.952, 0.955, 0
4, PGG, 1, 14, -2.160, 0.007, 0.007, 1
4, PGG, 2, 14, -0.021, 0.951, 0.952, 0
4, PGG, 3, 14, -0.021, 0.951, 0.954, 0
4, PGG, 4, 14, -0.021, 0.953, 0.955, 0
4, PGG, 2, 15, -0.022, 0.952, 0.951, 1
4, PGG, 1, 15, -2.233, 0.006, 0.006, 0
4, PGG, 3, 15, -0.021, 0.951, 0.952, 0
4, PGG, 4, 15, -0.021, 0.951, 0.955, 1
4, PGG, 4, 16, -0.021, 0.952, 0.951, 1
4, PGG, 1, 16, -2.067, 0.006, 0.011, 0
4, PGG, 2, 16, -0.021, 0.951, 0.952, 1
4, PGG, 3, 16, -0.021, 0.951, 0.954, 0
4, PGG, 2, 17, -0.021, 0.951, 0.952, 1
4, PGG, 4, 17, -0.021, 0.951, 0.955, 0
4, PGG, 3, 17, -0.022, 0.951, 0.951, 1
4, PGG, 1, 17, -1.788, 0.017, 0.015, 1
4, PGG, 3, 18, -0.021, 0.952, 0.951, 0
4, PGG, 4, 18, -0.021, 0.952, 0.955, 1
4, PGG, 2, 18, -0.021, 0.953, 0.955, 0
4, PGG, 1, 18, -2.285, 0.003, 0.007, 0
4, PGG, 2, 19, -0.022, 0.951, 0.952, 1
4, PGG, 4, 19, -0.021, 0.953, 0.955, 1
4, PGG, 3, 19, -0.021, 0.952, 0.955, 1
4, PGG, 1, 19, -2.282, 0.005, 0.006, 0
4, PGG, 1, 20, -2.207, 0.007, 0.006, 0
4, PGG, 2, 20, -0.022, 0.951, 0.951, 0
4, PGG, 3, 20, -0.021, 0.951, 0.952, 0
4, PGG, 4, 20, -0.021, 0.952, 0.955, 0
4, PGG, 4, 21, -0.022, 0.951, 0.951, 1
4, PGG, 2, 21, -0.022, 0.951, 0.951, 1
4, PGG, 1, 21, -2.191, 0.007, 0.005, 0
4, PGG, 3, 21, -0.021, 0.954, 0.951, 0
4, PGG, 1, 22, -2.318, 0.004, 0.006, 1
4, PGG, 2, 22, -0.021, 0.951, 0.952, 1
4, PGG, 4, 22, -0.022, 0.951, 0.951, 1
4, PGG, 3, 22, -0.021, 0.951, 0.955, 1
4, PGG, 1, 23, -2.097, 0.011, 0.005, 0
4, PGG, 3, 23, -0.022, 0.951, 0.951, 0
4, PGG, 4, 23, -0.021, 0.951, 0.955, 1
4, PGG, 2, 23, -0.021, 0.951, 0.955, 1
4, PGG, 3, 24, -0.020, 0.954, 0.955, 1
4, PGG, 4, 24, -0.022, 0.951, 0.951, 1
4, PGG, 2, 24, -0.021, 0.951, 0.952, 0
4, PGG, 1, 24, -2.029, 0.010, 0.008, 0
4, PGG, 3, 25, -0.021, 0.951, 0.955, 1
4, PGG, 2, 25, -0.021, 0.952, 0.951, 1
4, PGG, 1, 25, -1.825, 0.015, 0.015, 1
4, PGG, 4, 25, -0.022, 0.951, 0.952, 0
4, PGG, 3, 26, -0.021, 0.951, 0.952, 1
4, PGG, 1, 26, -2.095, 0.011, 0.006, 0
4, PGG, 2, 26, -0.022, 0.951, 0.951, 1
4, PGG, 4, 26, -0.021, 0.951, 0.952, 1
4, PGG, 1, 27, -2.090, 0.011, 0.006, 1
4, PGG, 2, 27, -0.021, 0.952, 0.951, 1
4, PGG, 3, 27, -0.022, 0.951, 0.951, 0
4, PGG, 4, 27, -0.022, 0.951, 0.951, 0
4, PGG, 3, 28, -0.021, 0.951, 0.954, 0
4, PGG, 1, 28, -2.104, 0.010, 0.005, 1
4, PGG, 2, 28, -0.021, 0.953, 0.951, 1
4, PGG, 4, 28, -0.020, 0.954, 0.955, 0
4, PGG, 4, 29, -0.021, 0.951, 0.955, 0
4, PGG, 2, 29, -0.021, 0.951, 0.952, 1
4, PGG, 3, 29, -0.021, 0.951, 0.954, 1
4, PGG, 1, 29, -2.203, 0.007, 0.005, 1
4, PGG, 4, 30, -0.021, 0.953, 0.955, 0
4, PGG, 3, 30, -0.021, 0.955, 0.951, 0
4, PGG, 1, 30, -2.333, 0.004, 0.005, 0
4, PGG, 2, 30, -0.022, 0.951, 0.951, 0
4, PGG, 2, 31, -0.022, 0.951, 0.952, 0
4, PGG, 1, 31, -2.204, 0.007, 0.005, 1
4, PGG, 4, 31, -0.022, 0.951, 0.951, 0
4, PGG, 3, 31, -0.021, 0.955, 0.951, 1
4, PGG, 3, 32, -0.020, 0.954, 0.955, 0
4, PGG, 2, 32, -0.021, 0.952, 0.951, 0
4, PGG, 1, 32, -2.184, 0.008, 0.005, 0
4, PGG, 4, 32, -0.021, 0.952, 0.955, 0
4, PGG, 4, 33, -0.021, 0.951, 0.952, 0
4, PGG, 3, 33, -0.022, 0.951, 0.951, 0
4, PGG, 2, 33, -0.021, 0.951, 0.955, 1
4, PGG, 1, 33, -2.129, 0.009, 0.005, 1
4, PGG, 4, 34, -0.021, 0.951, 0.954, 0
4, PGG, 2, 34, -0.021, 0.951, 0.953, 1
4, PGG, 1, 34, -2.186, 0.008, 0.005, 0
4, PGG, 3, 34, -0.020, 0.954, 0.955, 1
4, PGG, 4, 35, -0.021, 0.951, 0.955, 1
4, PGG, 3, 35, -0.021, 0.951, 0.955, 0
4, PGG, 1, 35, -2.257, 0.006, 0.005, 1
4, PGG, 2, 35, -0.020, 0.954, 0.955, 1
4, PGG, 4, 36, -0.022, 0.951, 0.951, 0
4, PGG, 1, 36, -2.107, 0.010, 0.005, 0
4, PGG, 3, 36, -0.022, 0.951, 0.951, 1
4, PGG, 2, 36, -0.021, 0.952, 0.951, 1
4, PGG, 2, 37, -0.021, 0.951, 0.952, 1
4, PGG, 3, 37, -0.021, 0.951, 0.952, 1
4, PGG, 4, 37, -0.022, 0.951, 0.952, 1
4, PGG, 1, 37, -2.148, 0.009, 0.005, 1
4, PGG, 1, 38, -2.103, 0.010, 0.005, 0
4, PGG, 3, 38, -0.021, 0.955, 0.951, 1
4, PGG, 2, 38, -0.021, 0.952, 0.955, 0
4, PGG, 4, 38, -0.021, 0.951, 0.952, 1
4, PGG, 2, 39, -0.022, 0.951, 0.952, 1
4, PGG, 3, 39, -0.022, 0.951, 0.951, 0
4, PGG, 1, 39, -2.152, 0.008, 0.006, 0
4, PGG, 4, 39, -0.021, 0.951, 0.952, 0
4, PGG, 4, 40, -0.021, 0.952, 0.955, 1
4, PGG, 2, 40, -0.021, 0.952, 0.951, 0
4, PGG, 1, 40, -2.135, 0.009, 0.005, 1
4, PGG, 3, 40, -0.021, 0.951, 0.954, 1
