person, group, rep, n, t, t1, t2, correct
14, PMM, 0, 1, -0.301, 0.458, 0.458, 1
14, PMM, 0, 2, -0.301, 0.458, 0.458, 1
14, PMM, 0, 3, -0.301, 0.458, 0.458, 1
14, PMM, 0, 4, -0.301, 0.458, 0.458, 1
14, PMM, 0, 5, -0.301, 0.458, 0.458, 1
14, PMM, 0, 6, -0.301, 0.458, 0.458, 1
14, PMM, 0, 7, -0.301, 0.458, 0.458, 1
14, PMM, 0, 8, -0.301, 0.458, 0.458, 1
14, PMM, 0, 9, -0.301, 0.458, 0.458, 1
14, PMM, 0, 10, -0.301, 0.458, 0.458, 1
14, PMM, 3, 1, -1.176, 0.067, 0.067, 1
14, PMM, 1, 1, -0.389, 0.408, 0.408, 1
14, PMM, 2, 1, -0.737, 0.183, 0.183, 1
14, PMM, 4, 1, -2.080, 0.008, 0.008, 1
14, PMM, 1, 2, -1.038, 0.092, 0.092, 1
14, PMM, 2, 2, -1.604, 0.025, 0.025, 0
14, PMM, 4, 2, -2.083, 0.008, 0.008, 1
14, PMM, 3, 2, -2.077, 0.008, 0.008, 1
14, PMM, 3, 3, -2.083, 0.008, 0.008, 0
14, PMM, 2, 3, -0.446, 0.358, 0.358, 1
14, PMM, 4, 3, -2.080, 0.008, 0.008, 1
14, PMM, 1, 3, -2.079, 0.008, 0.008, 1
14, PMM, 3, 4, -1.176, 0.067, 0.067, 1
14, PMM, 2, 4, -0.875, 0.133, 0.133, 1
14, PMM, 1, 4, -2.080, 0.008, 0.008, 0
14, PMM, 4, 4, -2.084, 0.008, 0.008, 1
14, PMM, 1, 5, -1.235, 0.058, 0.058, 1
14, PMM, 3, 5, -2.082, 0.008, 0.008, 1
14, PMM, 4, 5, -2.080, 0.008, 0.008, 1
14, PMM, 2, 5, -1.176, 0.067, 0.067, 1
14, PMM, 4, 6, -2.080, 0.008, 0.008, 0
14, PMM, 3, 6, -2.078, 0.008, 0.008, 0
14, PMM, 2, 6, -1.479, 0.033, 0.033, 1
14, PMM, 1, 6, -2.081, 0.008, 0.008, 0
14, PMM, 1, 7, -1.603, 0.025, 0.025, 0
14, PMM, 2, 7, -2.085, 0.008, 0.008, 0
14, PMM, 3, 7, -1.780, 0.017, 0.017, 0
14, PMM, 4, 7, -2.081, 0.008, 0.008, 1
14, PMM, 3, 8, -1.079, 0.083, 0.083, 1
14, PMM, 2, 8, -1.603, 0.025, 0.025, 1
14, PMM, 1, 8, -0.933, 0.117, 0.117, 1
14, PMM, 4, 8, -2.082, 0.008, 0.008, 1
14, PMM, 2, 9, -2.080, 0.008, 0.008, 0
14, PMM, 4, 9, -2.082, 0.008, 0.008, 0
14, PMM, 1, 9, -1.381, 0.042, 0.042, 1
14, PMM, 3, 9, -1.779, 0.017, 0.017, 1
14, PMM, 3, 10, -2.081, 0.008, 0.008, 1
14, PMM, 4, 10, -2.079, 0.008, 0.008, 0
14, PMM, 1, 10, -1.779, 0.017, 0.017, 1
14, PMM, 2, 10, -1.778, 0.017, 0.017, 1
14, PMM, 3, 11, -2.082, 0.008, 0.008, 0
14, PMM, 4, 11, -0.849, 0.142, 0.142, 1
14, PMM, 2, 11, -2.081, 0.008, 0.008, 0
14, PMM, 1, 11, -1.907, 0.017, 0.008, 1
14, PMM, 2, 12, -2.081, 0.008, 0.008, 0
14, PMM, 4, 12, -1.602, 0.025, 0.025, 1
14, PMM, 1, 12, -2.080, 0.008, 0.008, 0
14, PMM, 3, 12, -2.083, 0.008, 0.008, 1
14, PMM, 4, 13, -2.081, 0.008, 0.008, 1
14, PMM, 3, 13, -2.080, 0.008, 0.008, 0
14, PMM, 2, 13, -2.080, 0.008, 0.008, 0
14, PMM, 1, 13, -2.083, 0.008, 0.008, 0
14, PMM, 2, 14, -1.780, 0.017, 0.017, 0
14, PMM, 3, 14, -2.083, 0.008, 0.008, 0
14, PMM, 4, 14, -2.083, 0.008, 0.008, 0
14, PMM, 1, 14, -1.779, 0.017, 0.017, 1
14, PMM, 2, 15, -1.780, 0.017, 0.017, 1
14, PMM, 3, 15, -1.782, 0.017, 0.017, 1
14, PMM, 4, 15, -2.081, 0.008, 0.008, 0
14, PMM, 1, 15, -2.081, 0.008, 0.008, 0
14, PMM, 2, 16, -1.780, 0.017, 0.017, 0
14, PMM, 3, 16, -2.080, 0.008, 0.008, 1
14, PMM, 1, 16, -2.081, 0.008, 0.008, 1
14, PMM, 4, 16, -1.779, 0.017, 0.017, 1
14, PMM, 1, 17, -2.080, 0.008, 0.008, 0
14, PMM, 4, 17, -2.084, 0.008, 0.008, 0
14, PMM, 3, 17, -2.077, 0.008, 0.008, 1
14, PMM, 2, 17, -1.603, 0.025, 0.025, 0
14, PMM, 1, 18, -2.082, 0.008, 0.008, 1
14, PMM, 3, 18, -2.081, 0.008, 0.008, 1
14, PMM, 4, 18, -2.082, 0.008, 0.008, 1
14, PMM, 2, 18, -1.380, 0.042, 0.042, 1
14, PMM, 2, 19, -1.780, 0.017, 0.017, 1
14, PMM, 3, 19, -2.079, 0.008, 0.008, 1
14, PMM, 4, 19, -2.082, 0.008, 0.008, 1
14, PMM, 1, 19, -2.081, 0.008, 0.008, 0
14, PMM, 2, 20, -1.778, 0.017, 0.017, 1
14, PMM, 1, 20, -2.080, 0.008, 0.008, 0
14, PMM, 4, 20, -2.080, 0.008, 0.008, 0
14, PMM, 3, 20, -2.081, 0.008, 0.008, 1
14, PMM, 2, 21, -1.778, 0.017, 0.017, 0
14, PMM, 3, 21, -2.081, 0.008, 0.008, 0
14, PMM, 1, 21, -2.079, 0.008, 0.008, 0
14, PMM, 4, 21, -2.082, 0.008, 0.008, 0
14, PMM, 4, 22, -2.083, 0.008, 0.008, 0
14, PMM, 1, 22, -2.083, 0.008, 0.008, 0
14, PMM, 3, 22, -2.082, 0.008, 0.008, 1
14, PMM, 2, 22, -1.779, 0.017, 0.017, 0
14, PMM, 1, 23, -2.080, 0.008, 0.008, 0
14, PMM, 3, 23, -2.079, 0.008, 0.008, 0
14, PMM, 4, 23, -1.778, 0.017, 0.017, 1
14, PMM, 2, 23, -1.778, 0.017, 0.017, 1
14, PMM, 2, 24, -1.779, 0.017, 0.017, 1
14, PMM, 4, 24, -2.086, 0.008, 0.008, 1
14, PMM, 3, 24, -2.085, 0.008, 0.008, 1
14, PMM, 1, 24, -1.779, 0.017, 0.017, 1
14, PMM, 3, 25, -2.083, 0.008, 0.008, 0
14, PMM, 4, 25, -2.082, 0.008, 0.008, 1
14, PMM, 2, 25, -1.780, 0.017, 0.017, 1
14, PMM, 1, 25, -2.080, 0.008, 0.008, 0
14, PMM, 3, 26, -2.083, 0.008, 0.008, 0
14, PMM, 4, 26, -2.078, 0.008, 0.008, 1
14, PMM, 1, 26, -2.080, 0.008, 0.008, 0
14, PMM, 2, 26, -2.078, 0.008, 0.008, 0
14, PMM, 3, 27, -2.081, 0.008, 0.008, 0
14, PMM, 1, 27, -2.080, 0.008, 0.008, 0
14, PMM, 4, 27, -2.081, 0.008, 0.008, 1
14, PMM, 2, 27, -2.082, 0.008, 0.008, 1
14, PMM, 1, 28, -2.083, 0.008, 0.008, 0
14, PMM, 4, 28, -2.079, 0.008, 0.008, 1
14, PMM, 3, 28, -2.081, 0.008, 0.008, 1
14, PMM, 2, 28, -2.084, 0.008, 0.008, 1
14, PMM, 2, 29, -2.083, 0.008, 0.008, 1
14, PMM, 3, 29, -2.080, 0.008, 0.008, 0
14, PMM, 1, 29, -2.080, 0.008, 0.008, 1
14, PMM, 4, 29, -2.081, 0.008, 0.008, 1
14, PMM, 3, 30, -2.080, 0.008, 0.008, 0
14, PMM, 1, 30, -2.081, 0.008, 0.008, 0
14, PMM, 2, 30, -2.082, 0.008, 0.008, 1
14, PMM, 4, 30, -2.082, 0.008, 0.008, 1
14, PMM, 4, 31, -2.080, 0.008, 0.008, 1
14, PMM, 2, 31, -2.082, 0.008, 0.008, 1
14, PMM, 1, 31, -2.079, 0.008, 0.008, 1
14, PMM, 3, 31, -2.082, 0.008, 0.008, 1
14, PMM, 2, 32, -2.082, 0.008, 0.008, 0
14, PMM, 1, 32, -2.082, 0.008, 0.008, 0
14, PMM, 4, 32, -2.079, 0.008, 0.008, 0
14, PMM, 3, 32, -2.084, 0.008, 0.008, 1
14, PMM, 1, 33, -2.081, 0.008, 0.008, 0
14, PMM, 3, 33, -2.077, 0.008, 0.008, 0
14, PMM, 2, 33, -2.082, 0.008, 0.008, 0
14, PMM, 4, 33, -2.081, 0.008, 0.008, 1
14, PMM, 2, 34, -2.085, 0.008, 0.008, 1
14, PMM, 1, 34, -2.080, 0.008, 0.008, 1
14, PMM, 4, 34, -2.082, 0.008, 0.008, 1
14, PMM, 3, 34, -2.084, 0.008, 0.008, 1
14, PMM, 4, 35, -2.083, 0.008, 0.008, 1
14, PMM, 3, 35, -2.080, 0.008, 0.008, 0
14, PMM, 2, 35, -2.083, 0.008, 0.008, 0
14, PMM, 1, 35, -2.078, 0.008, 0.008, 1
14, PMM, 3, 36, -2.083, 0.008, 0.008, 0
14, PMM, 1, 36, -2.076, 0.008, 0.008, 0
14, PMM, 4, 36, -2.081, 0.008, 0.008, 1
14, PMM, 2, 36, -2.082, 0.008, 0.008, 1
14, PMM, 3, 37, -2.085, 0.008, 0.008, 1
14, PMM, 2, 37, -2.077, 0.008, 0.008, 0
14, PMM, 1, 37, -2.085, 0.008, 0.008, 0
14, PMM, 4, 37, -2.079, 0.008, 0.008, 0
14, PMM, 3, 38, -2.083, 0.008, 0.008, 1
14, PMM, 2, 38, -2.082, 0.008, 0.008, 1
14, PMM, 1, 38, -2.079, 0.008, 0.008, 0
14, PMM, 4, 38, -2.081, 0.008, 0.008, 0
14, PMM, 4, 39, -2.079, 0.008, 0.008, 1
14, PMM, 1, 39, -1.780, 0.017, 0.017, 0
14, PMM, 2, 39, -2.083, 0.008, 0.008, 0
14, PMM, 3, 39, -2.083, 0.008, 0.008, 1
14, PMM, 1, 40, -1.779, 0.017, 0.017, 0
14, PMM, 4, 40, -2.080, 0.008, 0.008, 0
14, PMM, 2, 40, -2.079, 0.008, 0.008, 0
14, PMM, 3, 40, -2.080, 0.008, 0.008, 1
