person, group, rep, n, t, t1, t2, correct
2, PG, 0, 1, -0.301, 0.451, 0.453, 1
2, PG, 0, 2, -0.301, 0.451, 0.453, 1
2, PG, 0, 3, -0.301, 0.452, 0.455, 1
2, PG, 0, 4, -0.301, 0.451, 0.453, 1
2, PG, 0, 5, -0.301, 0.456, 0.455, 1
2, PG, 0, 6, -0.301, 0.455, 0.455, 0
2, PG, 0, 7, -0.301, 0.451, 0.453, 0
2, PG, 0, 8, -0.301, 0.455, 0.456, 1
2, PG, 0, 9, -0.301, 0.453, 0.455, 1
2, PG, 0, 10, -0.301, 0.451, 0.451, 1
2, PG, 0, 1, -0.301, 0.451, 0.453, 0
2, PG, 0, 2, -0.301, 0.451, 0.453, 1
2, PG, 0, 3, -0.301, 0.451, 0.451, 0
2, PG, 0, 4, -0.301, 0.453, 0.456, 0
2, PG, 0, 5, -0.301, 0.455, 0.456, 1
2, PG, 0, 6, -0.301, 0.452, 0.455, 0
2, PG, 0, 7, -0.301, 0.451, 0.453, 0
2, PG, 0, 8, -0.301, 0.452, 0.451, 0
2, PG, 0, 9, -0.301, 0.455, 0.455, 1
2, PG, 0, 10, -0.301, 0.451, 0.453, 0
2, PG, 0, 1, -0.301, 0.451, 0.451, 1
2, PG, 0, 2, -0.301, 0.456, 0.455, 1
2, PG, 0, 3, -0.301, 0.451, 0.453, 1
2, PG, 0, 4, -0.301, 0.453, 0.451, 0
2, PG, 0, 5, -0.301, 0.452, 0.456, 1
2, PG, 0, 6, -0.301, 0.455, 0.456, 1
2, PG, 0, 7, -0.301, 0.451, 0.455, 1
2, PG, 0, 8, -0.301, 0.451, 0.456, 0
2, PG, 0, 9, -0.301, 0.455, 0.455, 0
2, PG, 0, 10, -0.301, 0.453, 0.455, 0
2, PG, 0, 1, -0.301, 0.455, 0.451, 0
2, PG, 0, 2, -0.301, 0.453, 0.451, 1
2, PG, 0, 3, -0.301, 0.451, 0.451, 0
2, PG, 0, 4, -0.301, 0.456, 0.451, 1
2, PG, 0, 5, -0.301, 0.451, 0.453, 1
2, PG, 0, 6, -0.301, 0.453, 0.455, 1
2, PG, 0, 7, -0.301, 0.451, 0.453, 1
2, PG, 0, 8, -0.301, 0.452, 0.455, 0
2, PG, 0, 9, -0.301, 0.451, 0.455, 1
2, PG, 0, 10, -0.301, 0.451, 0.451, 1
2, PG, 0, 1, -0.301, 0.455, 0.456, 0
2, PG, 0, 2, -0.301, 0.456, 0.455, 1
2, PG, 0, 3, -0.301, 0.455, 0.455, 0
2, PG, 0, 4, -0.301, 0.453, 0.455, 0
2, PG, 0, 5, -0.301, 0.451, 0.451, 1
2, PG, 0, 6, -0.301, 0.451, 0.451, 1
2, PG, 0, 7, -0.301, 0.451, 0.455, 0
2, PG, 0, 8, -0.301, 0.453, 0.455, 1
2, PG, 0, 9, -0.301, 0.456, 0.455, 0
2, PG, 0, 10, -0.301, 0.451, 0.455, 1
2, PG, 0, 1, -0.301, 0.451, 0.453, 1
2, PG, 0, 2, -0.301, 0.453, 0.456, 0
2, PG, 0, 3, -0.301, 0.452, 0.455, 1
2, PG, 0, 4, -0.301, 0.451, 0.453, 0
2, PG, 0, 5, -0.301, 0.451, 0.451, 1
2, PG, 0, 6, -0.301, 0.455, 0.455, 0
2, PG, 0, 7, -0.301, 0.455, 0.455, 0
2, PG, 0, 8, -0.301, 0.453, 0.455, 0
2, PG, 0, 9, -0.301, 0.451, 0.451, 1
2, PG, 0, 10, -0.301, 0.451, 0.451, 1
2, PG, 0, 1, -0.301, 0.451, 0.451, 0
2, PG, 0, 2, -0.301, 0.455, 0.455, 1
2, PG, 0, 3, -0.301, 0.451, 0.453, 1
2, PG, 0, 4, -0.301, 0.453, 0.455, 1
2, PG, 0, 5, -0.301, 0.452, 0.455, 1
2, PG, 0, 6, -0.301, 0.451, 0.453, 0
2, PG, 0, 7, -0.301, 0.451, 0.453, 1
2, PG, 0, 8, -0.301, 0.451, 0.453, 0
2, PG, 0, 9, -0.301, 0.451, 0.453, 0
2, PG, 0, 10, -0.301, 0.452, 0.455, 1
2, PG, 0, 1, -0.301, 0.451, 0.451, 1
2, PG, 0, 2, -0.301, 0.451, 0.455, 0
2, PG, 0, 3, -0.301, 0.451, 0.455, 0
2, PG, 0, 4, -0.301, 0.451, 0.453, 1
2, PG, 0, 5, -0.301, 0.451, 0.453, 1
2, PG, 0, 6, -0.301, 0.451, 0.451, 1
2, PG, 0, 7, -0.301, 0.451, 0.455, 1
2, PG, 0, 8, -0.301, 0.451, 0.455, 0
2, PG, 0, 9, -0.301, 0.451, 0.456, 1
2, PG, 0, 10, -0.301, 0.451, 0.455, 0
2, PG, 0, 1, -0.301, 0.453, 0.455, 1
2, PG, 0, 2, -0.301, 0.451, 0.451, 1
2, PG, 0, 3, -0.301, 0.453, 0.455, 1
2, PG, 0, 4, -0.301, 0.455, 0.456, 1
2, PG, 0, 5, -0.301, 0.451, 0.451, 1
2, PG, 0, 6, -0.301, 0.451, 0.451, 1
2, PG, 0, 7, -0.301, 0.451, 0.453, 1
2, PG, 0, 8, -0.301, 0.456, 0.455, 1
2, PG, 0, 9, -0.301, 0.451, 0.455, 0
2, PG, 0, 10, -0.301, 0.451, 0.453, 1
2, PG, 1, 1, -0.395, 0.402, 0.403, 1
2, PG, 4, 1, -2.031, 0.007, 0.011, 0
2, PG, 3, 1, -1.187, 0.066, 0.064, 0
2, PG, 2, 1, -0.749, 0.176, 0.180, 1
2, PG, 4, 2, -0.581, 0.262, 0.264, 1
2, PG, 3, 2, -0.020, 0.953, 0.955, 0
2, PG, 1, 2, -1.040, 0.093, 0.089, 0
2, PG, 2, 2, -1.711, 0.017, 0.021, 1
2, PG, 1, 3, -0.021, 0.951, 0.955, 1
2, PG, 3, 3, -0.021, 0.951, 0.955, 1
2, PG, 2, 3, -2.228, 0.006, 0.005, 0
2, PG, 4, 3, -1.039, 0.092, 0.091, 0
2, PG, 4, 4, -0.276, 0.529, 0.530, 1
2, PG, 1, 4, -0.332, 0.466, 0.464, 1
2, PG, 3, 4, -0.021, 0.951, 0.955, 1
2, PG, 2, 4, -1.283, 0.051, 0.053, 1
2, PG, 3, 5, -0.021, 0.951, 0.953, 1
2, PG, 1, 5, -0.551, 0.281, 0.281, 1
2, PG, 2, 5, -2.080, 0.011, 0.005, 0
2, PG, 4, 5, -0.543, 0.286, 0.287, 0
2, PG, 3, 6, -0.021, 0.951, 0.955, 0
2, PG, 2, 6, -1.761, 0.018, 0.017, 0
2, PG, 4, 6, -0.020, 0.953, 0.955, 1
2, PG, 1, 6, -0.718, 0.193, 0.189, 0
2, PG, 3, 7, -0.021, 0.951, 0.956, 1
2, PG, 4, 7, -0.178, 0.665, 0.663, 1
2, PG, 1, 7, -0.382, 0.416, 0.414, 1
2, PG, 2, 7, -0.977, 0.104, 0.107, 0
2, PG, 1, 8, -0.509, 0.310, 0.309, 1
2, PG, 3, 8, -0.020, 0.955, 0.955, 1
2, PG, 2, 8, -0.020, 0.955, 0.955, 0
2, PG, 4, 8, -0.303, 0.496, 0.499, 0
2, PG, 3, 9, -0.021, 0.951, 0.953, 1
2, PG, 4, 9, -0.022, 0.951, 0.951, 1
2, PG, 2, 9, -0.020, 0.955, 0.955, 1
2, PG, 1, 9, -0.588, 0.259, 0.257, 1
2, PG, 3, 10, -0.020, 0.955, 0.955, 1
2, PG, 1, 10, -0.651, 0.223, 0.223, 0
2, PG, 2, 10, -0.021, 0.952, 0.955, 0
2, PG, 4, 10, -0.102, 0.791, 0.789, 0
2, PG, 2, 11, -0.021, 0.951, 0.956, 0
2, PG, 4, 11, -0.020, 0.955, 0.956, 1
2, PG, 1, 11, -0.510, 0.311, 0.307, 0
2, PG, 3, 11, -0.021, 0.951, 0.953, 0
2, PG, 4, 12, -0.021, 0.952, 0.955, 1
2, PG, 2, 12, -0.021, 0.951, 0.953, 0
2, PG, 3, 12, -0.022, 0.951, 0.951, 0
2, PG, 1, 12, -0.292, 0.510, 0.511, 1
2, PG, 3, 13, -0.022, 0.951, 0.951, 0
2, PG, 1, 13, -0.401, 0.398, 0.398, 1
2, PG, 4, 13, -0.021, 0.952, 0.955, 0
2, PG, 2, 13, -0.020, 0.953, 0.955, 0
2, PG, 1, 14, -0.456, 0.352, 0.348, 0
2, PG, 2, 14, -0.022, 0.951, 0.951, 1
2, PG, 4, 14, -0.021, 0.953, 0.955, 0
2, PG, 3, 14, -0.020, 0.955, 0.956, 0
2, PG, 3, 15, -0.021, 0.951, 0.955, 1
2, PG, 2, 15, -0.020, 0.955, 0.956, 1
2, PG, 1, 15, -0.300, 0.502, 0.500, 1
2, PG, 4, 15, -0.021, 0.951, 0.953, 0
2, PG, 4, 16, -0.021, 0.951, 0.953, 1
2, PG, 1, 16, -0.375, 0.421, 0.422, 1
2, PG, 2, 16, -0.020, 0.953, 0.955, 1
2, PG, 3, 16, -0.020, 0.953, 0.955, 1
2, PG, 3, 17, -0.022, 0.951, 0.951, 0
2, PG, 4, 17, -0.022, 0.951, 0.951, 1
2, PG, 1, 17, -0.416, 0.385, 0.382, 1
2, PG, 2, 17, -0.022, 0.951, 0.951, 0
2, PG, 1, 18, -0.446, 0.359, 0.357, 1
2, PG, 3, 18, -0.020, 0.955, 0.956, 0
2, PG, 2, 18, -0.022, 0.951, 0.951, 0
2, PG, 4, 18, -0.020, 0.953, 0.955, 0
2, PG, 3, 19, -0.021, 0.952, 0.955, 1
2, PG, 4, 19, -0.021, 0.951, 0.955, 1
2, PG, 1, 19, -0.469, 0.340, 0.339, 0
2, PG, 2, 19, -0.020, 0.955, 0.956, 1
2, PG, 4, 20, -0.021, 0.951, 0.955, 1
2, PG, 3, 20, -0.020, 0.953, 0.955, 0
2, PG, 2, 20, -0.020, 0.955, 0.955, 0
2, PG, 1, 20, -0.410, 0.388, 0.391, 0
2, PG, 3, 21, -0.021, 0.951, 0.955, 1
2, PG, 1, 21, -0.323, 0.475, 0.475, 0
2, PG, 2, 21, -0.022, 0.951, 0.951, 1
2, PG, 4, 21, -0.021, 0.951, 0.955, 1
2, PG, 4, 22, -0.021, 0.952, 0.955, 1
2, PG, 3, 22, -0.022, 0.951, 0.951, 1
2, PG, 1, 22, -0.076, 0.839, 0.838, 1
2, PG, 2, 22, -0.021, 0.951, 0.953, 0
2, PG, 3, 23, -0.021, 0.951, 0.955, 0
2, PG, 1, 23, -0.210, 0.616, 0.616, 0
2, PG, 4, 23, -0.021, 0.951, 0.953, 1
2, PG, 2, 23, -0.020, 0.956, 0.955, 1
2, PG, 2, 24, -0.022, 0.951, 0.951, 0
2, PG, 1, 24, -0.020, 0.956, 0.955, 0
2, PG, 3, 24, -0.022, 0.951, 0.951, 1
2, PG, 4, 24, -0.021, 0.951, 0.953, 0
2, PG, 1, 25, -0.020, 0.955, 0.955, 0
2, PG, 4, 25, -0.021, 0.951, 0.955, 1
2, PG, 2, 25, -0.022, 0.951, 0.951, 0
2, PG, 3, 25, -0.020, 0.955, 0.955, 0
2, PG, 4, 26, -0.021, 0.952, 0.956, 1
2, PG, 2, 26, -0.021, 0.951, 0.953, 0
2, PG, 1, 26, -0.021, 0.951, 0.953, 0
2, PG, 3, 26, -0.020, 0.953, 0.955, 0
2, PG, 4, 27, -0.020, 0.953, 0.955, 1
2, PG, 3, 27, -0.022, 0.951, 0.951, 1
2, PG, 2, 27, -0.021, 0.952, 0.955, 1
2, PG, 1, 27, -0.021, 0.951, 0.953, 1
2, PG, 2, 28, -0.022, 0.951, 0.951, 1
2, PG, 1, 28, -0.020, 0.953, 0.955, 1
2, PG, 4, 28, -0.020, 0.953, 0.955, 1
2, PG, 3, 28, -0.021, 0.951, 0.953, 0
2, PG, 1, 29, -0.022, 0.951, 0.951, 1
2, PG, 3, 29, -0.022, 0.951, 0.951, 1
2, PG, 4, 29, -0.020, 0.955, 0.955, 0
2, PG, 2, 29, -0.020, 0.953, 0.955, 0
2, PG, 3, 30, -0.021, 0.951, 0.953, 1
2, PG, 4, 30, -0.020, 0.955, 0.955, 1
2, PG, 2, 30, -0.020, 0.955, 0.956, 0
2, PG, 1, 30, -0.022, 0.951, 0.951, 0
2, PG, 4, 31, -0.020, 0.955, 0.955, 0
2, PG, 3, 31, -0.022, 0.951, 0.951, 1
2, PG, 1, 31, -0.021, 0.951, 0.955, 1
2, PG, 2, 31, -0.021, 0.951, 0.953, 1
2, PG, 4, 32, -0.022, 0.951, 0.951, 1
2, PG, 2, 32, -0.022, 0.951, 0.951, 0
2, PG, 3, 32, -0.020, 0.955, 0.956, 1
2, PG, 1, 32, -0.020, 0.953, 0.956, 1
2, PG, 1, 33, -0.022, 0.951, 0.951, 1
2, PG, 2, 33, -0.020, 0.953, 0.956, 1
2, PG, 4, 33, -0.020, 0.953, 0.955, 0
2, PG, 3, 33, -0.020, 0.955, 0.955, 1
2, PG, 3, 34, -0.021, 0.951, 0.955, 0
2, PG, 2, 34, -0.021, 0.951, 0.955, 0
2, PG, 4, 34, -0.020, 0.955, 0.955, 1
2, PG, 1, 34, -0.022, 0.951, 0.951, 1
2, PG, 2, 35, -0.022, 0.951, 0.951, 1
2, PG, 3, 35, -0.021, 0.951, 0.953, 0
2, PG, 1, 35, -0.021, 0.951, 0.955, 1
2, PG, 4, 35, -0.020, 0.955, 0.955, 1
2, PG, 3, 36, -0.020, 0.955, 0.955, 1
2, PG, 4, 36, -0.020, 0.953, 0.955, 1
2, PG, 2, 36, -0.020, 0.953, 0.955, 1
2, PG, 1, 36, -0.022, 0.951, 0.951, 0
2, PG, 4, 37, -0.021, 0.951, 0.955, 0
2, PG, 1, 37, -0.021, 0.951, 0.955, 1
2, PG, 2, 37, -0.021, 0.952, 0.955, 0
2, PG, 3, 37, -0.020, 0.953, 0.955, 1
2, PG, 2, 38, -0.020, 0.955, 0.955, 1
2, PG, 3, 38, -0.022, 0.951, 0.951, 1
2, PG, 1, 38, -0.020, 0.956, 0.955, 1
2, PG, 4, 38, -0.022, 0.951, 0.951, 0
2, PG, 2, 39, -0.021, 0.952, 0.955, 1
2, PG, 3, 39, -0.022, 0.951, 0.951, 1
2, PG, 1, 39, -0.020, 0.953, 0.955, 0
2, PG, 4, 39, -0.021, 0.951, 0.953, 1
2, PG, 2, 40, -0.021, 0.951, 0.953, 0
2, PG, 3, 40, -0.021, 0.952, 0.955, 0
2, PG, 1, 40, -0.021, 0.952, 0.955, 1
2, PG, 4, 40, -0.022, 0.951, 0.951, 0
